Matt Gardine, 2005

Attached is data which comes from the Geophysical Institute at the 
University of Alaska - Fairbanks.  It is from a flux-gate magnetometer 
stationed in Gakona, Alaska and was taken on March 26, 2005.  The 
starting time is 0:00 UTC, the sampling period is 1 minute, and the 
data set covers 24 hours (1440 samples).

Remote Station:  Gakona, AK -- Narod Flux Gate Magnetometer 
Degrees North Latitude and East Longitude 
Geographic  Latitude  : 62.39300 
Geographic  Longitude : 214.8700
Data for Day  85 of 2005, Mar 26 collected by GIMA - 
Geophysical Institute Magnetometer Array

Minute	H-Comp(nT)	D-Comp(nT)	Z-Comp(nT)

nx1=1440
dx1=60 s
fx1=0 s
f=
0	14014.85	-540.772	54278.24
1	14015.96	-540.255	54277.47
2	14016.55	-537.765	54276.95
3	14016.69	-540.563	54276.91
4	14016.50	-541.789	54276.87
5	14015.46	-544.042	54276.89
6	14014.61	-541.534	54277.42
7	14012.59	-544.181	54277.66
8	14014.89	-543.010	54277.48
9	14013.10	-543.831	54277.07
10	14011.59	-546.079	54277.12
11	14015.26	-542.899	54275.72
12	14012.79	-539.062	54275.61
13	14010.73	-541.609	54276.75
14	14013.28	-540.977	54276.69
15	14015.28	-539.878	54275.77
16	14015.83	-540.604	54275.78
17	14016.01	-540.052	54276.34
18	14015.06	-539.737	54277.10
19	14014.51	-540.724	54277.36
20	14014.85	-539.554	54276.71
21	14018.98	-537.172	54275.71
22	14024.20	-533.930	54274.97
23	14020.87	-535.426	54275.55
24	14018.69	-538.130	54276.43
25	14019.80	-534.889	54275.90
26	14021.09	-534.199	54275.56
27	14023.40	-535.954	54275.33
28	14024.94	-536.104	54275.01
29	14023.60	-535.263	54275.15
30	14022.77	-535.036	54275.75
31	14022.13	-537.189	54276.13
32	14021.97	-536.472	54276.06
33	14021.90	-534.268	54276.43
34	14023.62	-534.306	54276.65
35	14025.94	-533.952	54276.58
36	14025.50	-534.055	54276.59
37	14021.95	-537.119	54276.92
38	14022.11	-537.128	54276.97
39	14023.54	-535.688	54276.54
40	14027.05	-533.496	54276.25
41	14027.73	-530.230	54276.14
42	14026.11	-531.333	54277.03
43	14024.68	-533.515	54277.64
44	14023.23	-531.854	54277.59
45	14023.60	-530.612	54277.54
46	14026.57	-531.496	54277.25
47	14029.01	-532.980	54276.60
48	14029.72	-531.865	54276.16
49	14030.90	-530.954	54275.87
50	14029.57	-532.503	54275.88
51	14030.94	-532.795	54275.87
52	14031.62	-532.312	54275.53
53	14032.21	-532.688	54275.30
54	14033.63	-533.809	54275.04
55	14032.50	-534.719	54274.83
56	14031.79	-533.956	54274.86
57	14030.10	-534.009	54275.05
58	14030.52	-534.065	54275.41
59	14030.82	-532.656	54275.44
60	14031.88	-533.548	54275.51
61	14032.90	-534.984	54275.26
62	14033.66	-534.445	54274.85
63	14034.50	-532.577	54274.50
64	14032.58	-533.360	54274.68
65	14033.73	-535.352	54274.88
66	14033.54	-533.719	54274.38
67	14033.85	-533.796	54274.39
68	14037.96	-533.824	54273.66
69	14039.51	-532.622	54272.91
70	14039.02	-530.944	54272.97
71	14034.13	-532.270	54273.81
72	14031.00	-534.000	54274.64
73	14031.53	-533.388	54274.67
74	14033.23	-531.379	54274.24
75	14034.70	-533.783	54273.97
76	14035.74	-533.760	54273.52
77	14037.47	-533.089	54273.14
78	14036.67	-532.935	54272.71
79	14036.40	-532.992	54272.59
80	14035.42	-532.392	54272.49
81	14037.91	-531.640	54272.38
82	14036.70	-533.231	54271.83
83	14036.31	-535.308	54271.60
84	14037.29	-532.905	54271.00
85	14036.84	-532.068	54270.93
86	14036.24	-533.106	54271.10
87	14035.72	-533.459	54270.84
88	14035.82	-534.440	54270.72
89	14036.58	-534.417	54270.20
90	14035.28	-534.639	54269.98
91	14034.49	-535.213	54270.05
92	14036.99	-535.440	54269.50
93	14037.46	-534.460	54268.77
94	14036.86	-534.841	54268.74
95	14037.92	-533.187	54268.55
96	14036.95	-534.154	54268.62
97	14035.59	-535.091	54268.88
98	14035.81	-534.190	54268.93
99	14034.37	-533.863	54268.99
100	14032.71	-534.482	54269.27
101	14034.67	-534.589	54269.01
102	14036.35	-533.409	54268.34
103	14036.22	-534.084	54268.17
104	14035.97	-535.203	54267.98
105	14038.14	-533.384	54267.68
106	14036.23	-530.488	54267.19
107	14031.20	-531.853	54268.42
108	14035.83	-534.632	54268.82
109	14037.73	-537.018	54267.96
110	14037.40	-535.550	54267.37
111	14036.61	-534.807	54267.61
112	14035.47	-533.862	54268.07
113	14037.05	-534.623	54268.40
114	14037.06	-534.455	54268.42
115	14036.41	-534.730	54268.68
116	14036.35	-533.531	54269.01
117	14037.71	-532.900	54269.03
118	14037.95	-532.006	54269.25
119	14040.26	-531.829	54269.35
120	14040.25	-532.141	54269.39
121	14041.65	-533.504	54269.55
122	14040.33	-533.776	54269.49
123	14040.04	-535.274	54269.84
124	14039.73	-536.046	54269.88
125	14039.36	-535.445	54269.79
126	14038.22	-532.492	54269.93
127	14037.78	-532.030	54270.34
128	14034.78	-533.215	54270.88
129	14033.23	-532.485	54271.30
130	14035.11	-531.819	54271.47
131	14038.40	-530.629	54270.83
132	14035.63	-530.713	54270.62
133	14033.54	-531.054	54270.96
134	14035.66	-531.200	54270.68
135	14036.36	-529.307	54270.01
136	14035.22	-529.923	54270.09
137	14031.03	-530.384	54270.60
138	14031.47	-529.906	54270.79
139	14031.75	-529.832	54270.45
140	14033.52	-529.464	54270.13
141	14035.49	-529.552	54269.83
142	14036.29	-530.744	54269.74
143	14037.96	-529.615	54269.48
144	14032.55	-529.075	54269.80
145	14029.56	-532.200	54270.70
146	14035.56	-530.980	54269.81
147	14045.97	-531.795	54267.55
148	14056.73	-528.754	54265.23
149	14058.17	-522.336	54264.58
150	14036.88	-527.622	54268.06
151	14024.48	-535.471	54272.93
152	14041.40	-531.187	54271.58
153	14044.08	-531.576	54269.45
154	14043.07	-531.107	54269.20
155	14043.36	-532.217	54269.56
156	14038.95	-532.446	54269.94
157	14037.43	-533.299	54270.32
158	14041.62	-532.899	54269.83
159	14040.52	-532.637	54269.67
160	14034.48	-531.880	54270.24
161	14030.07	-535.097	54271.15
162	14037.43	-531.850	54269.93
163	14046.00	-531.153	54267.71
164	14049.36	-528.853	54266.73
165	14049.48	-528.832	54267.53
166	14030.10	-534.601	54269.48
167	14025.49	-531.549	54271.98
168	14036.04	-529.591	54271.25
169	14031.58	-529.892	54270.12
170	14039.17	-531.135	54270.63
171	14045.10	-531.565	54268.38
172	14040.40	-531.944	54267.72
173	14028.56	-529.929	54269.20
174	14027.70	-528.247	54271.17
175	14029.02	-528.620	54271.41
176	14028.71	-527.848	54270.60
177	14029.06	-530.474	54270.54
178	14030.05	-534.055	54269.70
179	14042.08	-536.322	54267.42
180	14055.44	-533.881	54263.92
181	14061.10	-529.386	54261.40
182	14057.16	-529.873	54261.97
183	14047.19	-530.878	54263.89
184	14033.16	-531.725	54268.39
185	14032.58	-531.610	54271.12
186	14039.64	-529.589	54270.76
187	14039.38	-529.820	54270.34
188	14031.31	-528.546	54270.26
189	14029.85	-529.836	54271.92
190	14060.20	-529.758	54268.83
191	14062.64	-528.724	54264.34
192	14038.79	-531.450	54268.14
193	14041.81	-530.421	54270.51
194	14051.97	-531.553	54269.84
195	14045.82	-532.818	54268.84
196	14042.08	-530.875	54270.11
197	14044.40	-530.711	54270.96
198	14044.27	-531.722	54271.05
199	14046.64	-533.122	54270.95
200	14047.02	-532.565	54269.94
201	14045.56	-533.382	54270.47
202	14049.06	-531.904	54270.31
203	14051.83	-530.203	54269.89
204	14047.53	-531.396	54270.85
205	14049.49	-533.509	54271.61
206	14057.20	-536.130	54270.49
207	14064.09	-535.114	54268.45
208	14061.82	-535.723	54268.73
209	14055.84	-525.805	54268.72
210	14052.39	-526.784	54273.04
211	14057.80	-528.641	54272.26
212	14055.42	-531.820	54273.33
213	14050.72	-528.573	54272.84
214	14041.38	-528.398	54276.75
215	14041.67	-531.419	54277.33
216	14045.83	-525.451	54276.70
217	14041.74	-528.672	54277.50
218	14041.60	-530.154	54276.64
219	14043.39	-526.838	54276.27
220	14042.82	-528.077	54276.38
221	14037.69	-528.577	54276.84
222	14035.10	-530.143	54277.63
223	14036.65	-527.971	54277.03
224	14034.03	-527.121	54277.35
225	14033.63	-527.414	54277.01
226	14037.99	-526.324	54275.91
227	14039.02	-526.517	54275.12
228	14040.02	-526.664	54274.71
229	14042.21	-525.891	54274.12
230	14044.53	-526.400	54273.87
231	14048.31	-525.169	54272.74
232	14048.86	-525.903	54272.96
233	14046.44	-529.767	54273.72
234	14045.89	-529.820	54274.13
235	14045.88	-526.833	54274.34
236	14047.17	-527.432	54275.26
237	14050.56	-533.224	54275.80
238	14054.48	-532.257	54274.86
239	14045.90	-537.992	54277.50
240	14046.24	-539.468	54279.48
241	14053.43	-537.597	54278.93
242	14051.54	-542.648	54280.08
243	14048.57	-542.815	54281.86
244	14044.47	-542.819	54284.34
245	14041.92	-544.227	54288.40
246	14040.20	-542.138	54291.45
247	14039.60	-543.118	54294.69
248	14037.88	-542.972	54296.37
249	14033.85	-536.899	54297.14
250	14035.54	-534.758	54298.38
251	14032.49	-535.223	54300.81
252	14028.23	-534.070	54303.95
253	14032.21	-531.586	54304.85
254	14031.71	-533.370	54305.66
255	14031.23	-529.650	54305.66
256	14030.77	-527.715	54306.74
257	14027.85	-528.870	54309.99
258	14032.12	-524.907	54309.62
259	14032.03	-524.109	54309.87
260	14030.79	-524.783	54310.33
261	14031.25	-522.448	54307.85
262	14030.18	-522.162	54306.29
263	14029.00	-521.847	54305.59
264	14029.10	-522.192	54303.25
265	14028.00	-521.404	54302.91
266	14024.50	-523.263	54303.78
267	14025.75	-520.707	54301.26
268	14030.08	-520.105	54299.20
269	14033.83	-520.911	54298.38
270	14036.15	-520.906	54297.14
271	14036.81	-521.076	54297.07
272	14037.40	-521.267	54297.74
273	14041.72	-520.627	54296.09
274	14042.55	-521.696	54295.05
275	14040.55	-521.707	54296.46
276	14040.90	-521.578	54295.37
277	14042.28	-520.762	54293.91
278	14042.34	-519.580	54293.99
279	14046.37	-518.513	54293.19
280	14049.37	-518.990	54291.40
281	14050.61	-519.236	54290.32
282	14052.96	-519.805	54289.88
283	14053.69	-521.310	54289.05
284	14050.92	-521.944	54289.79
285	14050.13	-520.902	54289.75
286	14053.46	-522.675	54289.91
287	14046.11	-522.322	54290.58
288	14050.18	-516.985	54289.91
289	14049.02	-520.793	54288.12
290	14044.32	-523.145	54290.47
291	14043.31	-520.405	54290.22
292	14052.64	-517.750	54288.07
293	14057.58	-521.299	54287.22
294	14055.18	-522.985	54288.09
295	14053.73	-521.335	54288.16
296	14055.84	-526.173	54288.01
297	14053.35	-526.336	54288.36
298	14054.55	-523.101	54289.60
299	14055.29	-521.694	54289.95
300	14052.01	-522.537	54290.75
301	14049.68	-521.986	54292.46
302	14054.50	-517.622	54292.17
303	14054.65	-519.294	54292.07
304	14051.29	-522.645	54293.25
305	14049.73	-523.183	54294.41
306	14050.92	-521.344	54294.82
307	14052.42	-522.565	54294.70
308	14049.59	-522.393	54296.31
309	14049.16	-518.269	54297.21
310	14049.15	-520.035	54297.50
311	14048.44	-518.734	54297.87
312	14048.84	-516.763	54298.03
313	14050.46	-513.485	54297.16
314	14051.33	-514.034	54296.26
315	14049.87	-516.229	54295.88
316	14046.78	-517.261	54296.39
317	14049.44	-515.615	54294.97
318	14048.23	-518.310	54295.24
319	14047.55	-516.846	54294.43
320	14047.86	-518.500	54293.79
321	14047.05	-517.063	54293.76
322	14046.84	-516.720	54293.48
323	14045.92	-520.034	54293.57
324	14045.46	-520.168	54293.77
325	14046.81	-518.525	54293.50
326	14047.28	-518.876	54293.37
327	14048.74	-518.328	54292.44
328	14048.69	-521.742	54292.18
329	14046.32	-521.948	54291.84
330	14044.72	-524.480	54292.05
331	14043.92	-524.049	54292.44
332	14043.29	-522.511	54292.23
333	14043.28	-523.567	54292.11
334	14041.96	-524.086	54292.13
335	14040.46	-523.449	54292.76
336	14044.91	-519.584	54294.32
337	14049.75	-516.693	54294.44
338	14047.58	-523.531	54293.99
339	14045.11	-529.237	54299.29
340	14041.73	-527.137	54300.43
341	14040.18	-529.423	54298.36
342	14046.16	-524.481	54300.20
343	14060.24	-509.145	54299.88
344	14060.67	-509.850	54295.09
345	14051.23	-520.073	54300.76
346	14040.74	-512.646	54305.51
347	14048.70	-513.343	54304.73
348	14054.63	-513.460	54302.88
349	14055.43	-514.234	54300.84
350	14056.29	-517.649	54300.26
351	14051.77	-518.345	54300.83
352	14053.27	-518.111	54302.76
353	14050.90	-518.563	54303.94
354	14052.18	-514.434	54306.08
355	14054.90	-514.924	54309.67
356	14054.11	-503.962	54311.70
357	14059.19	-503.109	54311.83
358	14062.32	-499.352	54312.01
359	14064.83	-498.719	54311.51
360	14070.94	-497.280	54312.90
361	14070.41	-496.613	54312.23
362	14074.39	-498.009	54311.85
363	14079.46	-498.298	54310.31
364	14082.92	-501.325	54308.84
365	14084.51	-502.168	54306.93
366	14090.19	-509.275	54302.97
367	14103.45	-512.003	54301.24
368	14091.51	-514.302	54297.74
369	14086.69	-510.324	54300.45
370	14084.30	-503.547	54300.71
371	14079.48	-501.756	54300.26
372	14076.03	-499.211	54299.26
373	14072.92	-498.690	54298.72
374	14067.26	-495.702	54301.46
375	14094.37	-484.118	54306.12
376	14115.84	-474.466	54307.98
377	14167.80	-447.203	54314.70
378	14220.20	-424.078	54310.74
379	14271.71	-397.051	54288.67
380	14317.55	-404.539	54263.73
381	14299.64	-413.581	54240.63
382	14276.70	-460.061	54237.81
383	14234.60	-483.992	54238.85
384	14162.54	-494.460	54245.73
385	14115.76	-485.810	54249.89
386	14088.26	-483.676	54238.99
387	14070.36	-487.214	54234.15
388	14053.37	-479.495	54235.56
389	14043.79	-479.443	54225.24
390	14035.77	-493.995	54210.01
391	14036.12	-507.073	54200.21
392	14031.46	-524.966	54196.20
393	14016.76	-527.387	54201.37
394	14006.14	-523.880	54203.24
395	13991.35	-529.074	54188.97
396	13994.44	-543.304	54179.49
397	13997.43	-551.591	54183.07
398	14000.92	-551.614	54188.95
399	14027.35	-539.224	54196.63
400	14061.40	-525.044	54200.21
401	14083.76	-514.249	54202.65
402	14086.09	-517.976	54203.30
403	14080.72	-521.588	54207.72
404	14084.26	-525.298	54206.88
405	14075.66	-533.399	54208.99
406	14075.09	-534.176	54216.73
407	14073.18	-539.013	54214.19
408	14075.80	-548.056	54210.76
409	14079.42	-554.423	54211.22
410	14080.46	-560.422	54213.34
411	14078.98	-565.985	54213.45
412	14066.58	-573.412	54218.41
413	14062.61	-574.128	54229.33
414	14074.86	-561.488	54236.64
415	14083.79	-557.350	54232.22
416	14075.27	-565.736	54229.62
417	14071.64	-569.548	54233.23
418	14081.69	-565.874	54238.26
419	14082.41	-565.121	54242.32
420	14079.18	-565.592	54243.85
421	14079.05	-562.890	54243.83
422	14077.09	-560.230	54244.29
423	14070.00	-558.919	54243.31
424	14064.76	-558.312	54241.97
425	14060.07	-556.725	54243.03
426	14059.17	-555.905	54245.69
427	14060.38	-553.987	54248.04
428	14061.64	-555.864	54251.41
429	14059.51	-553.637	54259.45
430	14063.09	-542.650	54268.93
431	14065.45	-534.969	54276.24
432	14069.17	-530.481	54286.50
433	14077.08	-523.194	54296.29
434	14081.09	-513.346	54302.62
435	14081.69	-501.534	54306.94
436	14080.57	-491.389	54309.05
437	14081.47	-483.380	54308.93
438	14083.74	-474.694	54308.46
439	14083.30	-467.060	54307.75
440	14080.48	-464.092	54306.37
441	14076.29	-461.961	54304.47
442	14083.30	-461.999	54303.57
443	14086.62	-462.277	54302.19
444	14093.43	-462.031	54298.93
445	14098.99	-468.860	54295.06
446	14098.35	-479.200	54293.55
447	14089.22	-489.597	54290.90
448	14078.43	-499.167	54287.30
449	14070.12	-507.654	54285.92
450	14067.48	-510.624	54287.75
451	14065.29	-509.759	54289.52
452	14063.40	-510.274	54290.43
453	14060.36	-511.203	54290.55
454	14060.06	-509.996	54291.10
455	14059.81	-509.230	54291.68
456	14056.98	-509.684	54292.26
457	14056.35	-509.662	54293.39
458	14055.19	-508.971	54294.75
459	14056.23	-507.135	54295.76
460	14053.96	-507.218	54295.30
461	14054.81	-506.832	54295.44
462	14051.26	-508.627	54294.88
463	14051.67	-509.020	54294.74
464	14055.11	-508.085	54295.72
465	14058.12	-508.135	54295.39
466	14057.41	-510.491	54295.62
467	14060.30	-508.753	54296.48
468	14064.34	-507.592	54298.30
469	14068.07	-507.088	54300.30
470	14069.53	-507.877	54301.89
471	14071.53	-504.838	54303.64
472	14072.39	-502.618	54304.87
473	14069.50	-501.005	54305.60
474	14071.09	-502.391	54306.87
475	14074.46	-503.633	54307.19
476	14070.66	-507.763	54306.53
477	14070.86	-509.515	54307.38
478	14071.02	-509.625	54309.31
479	14076.40	-505.226	54312.62
480	14077.58	-500.707	54312.95
481	14084.13	-495.040	54313.97
482	14086.59	-495.232	54313.27
483	14091.91	-495.027	54314.09
484	14079.16	-497.707	54310.75
485	14077.52	-496.546	54309.82
486	14083.84	-491.751	54308.89
487	14084.28	-489.747	54306.63
488	14086.56	-490.032	54306.12
489	14086.62	-489.704	54306.37
490	14094.37	-484.189	54307.70
491	14097.96	-484.253	54306.13
492	14091.15	-481.989	54306.02
493	14087.99	-479.856	54307.44
494	14085.21	-478.993	54307.92
495	14086.35	-474.465	54306.48
496	14093.21	-470.176	54302.34
497	14093.25	-469.678	54294.30
498	14079.41	-474.180	54285.80
499	14059.21	-475.020	54277.80
500	14049.92	-471.705	54271.39
501	14046.52	-471.350	54257.21
502	14044.86	-481.716	54244.27
503	14041.22	-494.745	54240.29
504	14041.19	-503.593	54243.02
505	14037.59	-509.106	54244.99
506	14037.94	-512.671	54248.54
507	14037.24	-514.820	54255.94
508	14037.31	-510.447	54264.80
509	14037.79	-503.850	54269.15
510	14034.45	-500.906	54270.53
511	14037.89	-496.639	54270.92
512	14035.82	-494.968	54268.66
513	14033.48	-490.651	54264.56
514	14021.84	-492.735	54259.79
515	14013.61	-497.161	54255.73
516	14012.83	-498.494	54250.95
517	14005.05	-504.480	54245.73
518	13996.69	-506.304	54242.30
519	13990.03	-505.212	54237.87
520	13985.07	-505.618	54231.69
521	13980.07	-504.819	54225.38
522	13970.10	-512.252	54217.54
523	13952.49	-523.589	54210.29
524	13940.93	-525.703	54204.22
525	13950.29	-524.549	54200.92
526	13967.76	-538.917	54200.20
527	14017.90	-540.402	54201.56
528	14002.00	-553.670	54194.02
529	13972.79	-573.557	54178.70
530	13948.75	-575.279	54161.90
531	13907.20	-575.287	54144.97
532	13883.97	-576.723	54131.43
533	13864.51	-588.207	54116.00
534	13839.67	-604.983	54107.26
535	13821.45	-616.000	54100.20
536	13794.31	-624.400	54097.42
537	13782.81	-632.093	54092.57
538	13771.73	-648.760	54081.64
539	13752.82	-660.794	54071.94
540	13738.36	-673.465	54062.13
541	13714.09	-681.500	54053.26
542	13662.29	-693.796	54047.60
543	13631.76	-692.561	54048.05
544	13588.02	-692.936	54049.12
545	13559.27	-688.036	54059.39
546	13539.01	-688.374	54068.20
547	13508.25	-683.789	54079.47
548	13509.94	-672.200	54081.62
549	13530.37	-662.682	54076.17
550	13486.94	-660.011	54081.09
551	13449.00	-659.484	54093.00
552	13417.24	-646.361	54105.83
553	13403.85	-606.571	54136.34
554	13454.02	-574.416	54149.90
555	13505.68	-532.647	54153.66
556	13539.81	-537.112	54141.16
557	13536.56	-519.007	54147.47
558	13550.37	-509.219	54133.53
559	13590.51	-506.690	54117.86
560	13628.58	-515.425	54092.73
561	13627.15	-534.590	54078.97
562	13659.85	-542.628	54078.10
563	13673.79	-550.999	54080.40
564	13712.30	-573.505	54066.73
565	13740.89	-578.377	54048.60
566	13717.88	-589.945	54046.36
567	13725.84	-595.049	54052.45
568	13755.51	-601.413	54046.02
569	13779.73	-608.002	54046.00
570	13791.40	-605.421	54033.64
571	13808.11	-618.247	54023.08
572	13804.38	-621.990	54022.03
573	13835.28	-633.814	54027.62
574	13820.57	-651.106	54031.80
575	13811.54	-677.348	54041.24
576	13800.03	-676.260	54074.02
577	13802.19	-656.036	54106.10
578	13787.86	-615.250	54134.83
579	13807.91	-591.786	54136.67
580	13807.97	-589.229	54130.63
581	13814.37	-581.864	54131.68
582	13817.45	-563.697	54131.31
583	13826.12	-554.305	54145.56
584	13833.62	-541.186	54164.42
585	13843.06	-528.433	54175.95
586	13863.57	-512.384	54174.71
587	13881.17	-498.270	54174.97
588	13888.58	-486.881	54172.79
589	13882.26	-481.465	54175.65
590	13877.83	-469.281	54179.24
591	13880.15	-470.840	54177.76
592	13895.07	-461.918	54175.85
593	13905.82	-460.590	54176.68
594	13909.97	-453.512	54177.83
595	13937.88	-443.528	54172.86
596	13960.17	-436.168	54167.63
597	13955.14	-435.317	54162.69
598	13960.22	-434.057	54157.92
599	13975.82	-436.406	54151.30
600	13978.59	-438.956	54143.76
601	13971.91	-446.647	54143.42
602	13971.03	-448.243	54148.54
603	13974.86	-446.545	54154.39
604	13986.04	-442.534	54158.38
605	13992.90	-436.498	54160.45
606	13987.91	-431.835	54157.32
607	13961.76	-430.141	54152.86
608	13963.39	-434.446	54151.63
609	14012.02	-441.861	54148.72
610	14045.52	-449.053	54141.88
611	14050.79	-470.711	54136.87
612	14056.99	-483.790	54130.47
613	14047.67	-498.969	54122.50
614	14014.08	-508.199	54119.06
615	13976.38	-512.077	54114.25
616	13945.11	-517.690	54107.52
617	13929.64	-524.327	54100.75
618	13913.91	-535.558	54094.20
619	13887.27	-538.015	54081.81
620	13853.63	-540.021	54072.48
621	13828.63	-546.268	54067.82
622	13792.97	-543.971	54061.66
623	13768.06	-550.359	54062.52
624	13795.61	-549.831	54062.47
625	13810.90	-548.188	54059.74
626	13820.35	-554.731	54057.51
627	13806.27	-552.117	54058.56
628	13804.99	-545.237	54060.63
629	13825.83	-538.938	54056.52
630	13827.77	-535.621	54052.68
631	13847.65	-540.329	54047.15
632	13849.30	-546.680	54048.86
633	13846.46	-550.445	54045.92
634	13854.49	-555.083	54043.06
635	13862.24	-561.046	54039.17
636	13848.31	-566.465	54035.87
637	13838.97	-561.968	54027.76
638	13846.04	-558.783	54029.47
639	13849.90	-552.641	54027.01
640	13849.48	-546.373	54025.65
641	13847.99	-542.751	54030.29
642	13844.36	-539.723	54035.22
643	13852.92	-535.988	54040.92
644	13854.68	-538.934	54045.76
645	13844.74	-536.337	54053.98
646	13853.79	-529.622	54062.00
647	13855.28	-524.644	54072.48
648	13860.97	-513.216	54085.61
649	13921.67	-499.543	54094.06
650	14026.72	-498.237	54091.16
651	14068.54	-498.540	54080.15
652	14010.58	-506.361	54079.83
653	13988.75	-512.532	54088.45
654	13986.54	-501.300	54091.10
655	14006.45	-505.624	54083.96
656	14010.63	-512.643	54074.89
657	13987.28	-522.164	54063.50
658	13966.60	-525.455	54052.72
659	13939.56	-530.078	54038.40
660	13903.97	-543.187	54021.86
661	13853.95	-565.835	54004.97
662	13820.66	-578.443	53993.34
663	13793.89	-588.161	53983.01
664	13762.42	-598.901	53972.87
665	13734.87	-611.296	53965.37
666	13719.13	-622.353	53959.63
667	13692.20	-633.970	53950.95
668	13689.16	-647.035	53947.83
669	13684.06	-649.774	53944.14
670	13663.61	-656.046	53937.83
671	13646.42	-665.836	53930.49
672	13626.30	-677.555	53921.56
673	13595.99	-695.784	53919.41
674	13564.85	-706.253	53922.89
675	13520.58	-727.934	53913.28
676	13499.65	-744.152	53918.32
677	13507.79	-735.401	53923.54
678	13495.97	-757.907	53925.16
679	13503.24	-768.982	53927.22
680	13522.84	-768.353	53934.57
681	13541.77	-765.745	53944.25
682	13561.60	-751.139	53961.92
683	13576.13	-746.487	53981.64
684	13559.26	-739.892	54001.22
685	13550.74	-712.939	54020.24
686	13568.68	-703.071	54048.42
687	13579.69	-689.841	54066.92
688	13593.56	-704.068	54105.03
689	13616.60	-700.638	54143.06
690	13649.12	-689.063	54156.08
691	13686.66	-648.931	54161.63
692	13733.22	-611.038	54163.30
693	13755.72	-583.465	54158.36
694	13759.13	-569.822	54153.29
695	13798.64	-538.682	54159.91
696	13812.50	-512.865	54159.07
697	13794.98	-515.956	54165.78
698	13810.23	-507.499	54159.23
699	13834.92	-505.773	54147.13
700	13869.85	-490.262	54137.76
701	13881.07	-487.699	54122.84
702	13888.52	-485.546	54117.14
703	13918.56	-481.141	54110.69
704	13946.35	-476.733	54101.45
705	13969.54	-472.092	54091.13
706	13974.16	-472.760	54086.94
707	13967.53	-474.165	54087.82
708	13972.58	-483.509	54084.58
709	13968.46	-498.404	54075.94
710	13956.62	-509.109	54070.50
711	13943.31	-521.011	54064.55
712	13911.15	-533.036	54060.99
713	13882.52	-537.000	54061.01
714	13885.50	-527.771	54055.39
715	13875.48	-516.093	54048.43
716	13871.44	-516.372	54040.99
717	13870.79	-510.155	54030.79
718	13849.65	-514.270	54019.79
719	13821.47	-518.369	54012.28
720	13798.79	-511.951	54005.78
721	13781.25	-515.720	54002.81
722	13754.77	-514.944	54005.84
723	13757.83	-508.589	54003.76
724	13752.92	-506.965	53997.38
725	13735.44	-514.347	53995.08
726	13746.27	-500.700	53991.84
727	13739.21	-497.684	53982.23
728	13731.35	-493.799	53979.86
729	13715.84	-489.448	53970.87
730	13716.85	-490.165	53974.53
731	13712.38	-490.711	53973.65
732	13694.82	-495.758	53976.98
733	13687.11	-489.144	53978.39
734	13689.62	-484.597	53979.83
735	13696.03	-488.047	53981.09
736	13700.78	-476.617	53988.76
737	13713.15	-469.357	54005.99
738	13741.80	-463.906	54012.53
739	13716.19	-451.374	54020.12
740	13723.39	-444.929	54039.69
741	13762.35	-447.626	54038.88
742	13800.23	-430.955	54041.68
743	13835.88	-424.341	54043.40
744	13862.77	-411.393	54042.86
745	13880.98	-405.904	54042.43
746	13901.84	-390.565	54036.97
747	13921.39	-386.770	54032.37
748	13926.02	-382.933	54026.04
749	13921.93	-379.265	54021.78
750	13916.59	-378.179	54014.56
751	13911.74	-379.781	54009.93
752	13914.83	-382.567	54007.03
753	13902.15	-381.582	54003.37
754	13880.41	-380.661	54002.71
755	13857.93	-384.012	54003.46
756	13843.28	-388.611	54005.11
757	13837.98	-391.553	54007.20
758	13847.91	-398.022	54017.13
759	13848.16	-404.477	54027.70
760	13869.49	-416.006	54045.77
761	13837.52	-419.031	54051.55
762	13813.52	-422.795	54059.91
763	13812.84	-428.722	54069.10
764	13808.41	-436.678	54072.70
765	13820.48	-448.060	54081.37
766	13841.34	-456.840	54086.22
767	13844.91	-466.013	54090.14
768	13869.80	-474.665	54097.21
769	13892.37	-480.334	54102.16
770	13900.68	-486.062	54108.40
771	13893.04	-491.013	54113.42
772	13904.78	-491.467	54118.00
773	13900.57	-490.322	54121.82
774	13900.95	-491.584	54127.12
775	13893.21	-495.961	54129.12
776	13891.87	-505.488	54133.24
777	13879.30	-505.864	54135.19
778	13875.79	-508.281	54140.36
779	13880.90	-506.701	54143.01
780	13893.84	-509.780	54144.06
781	13893.61	-508.240	54147.85
782	13902.04	-502.120	54150.93
783	13897.31	-505.738	54156.50
784	13892.64	-508.992	54168.62
785	13892.12	-517.397	54175.83
786	13885.85	-519.969	54177.20
787	13888.61	-521.687	54179.51
788	13890.07	-526.588	54179.12
789	13880.33	-525.112	54175.04
790	13867.95	-521.584	54176.46
791	13849.04	-528.530	54181.02
792	13835.52	-532.779	54181.88
793	13831.83	-531.493	54187.58
794	13818.58	-534.034	54183.97
795	13811.95	-537.898	54179.22
796	13804.90	-536.502	54173.63
797	13819.52	-528.106	54162.36
798	13830.34	-529.586	54154.09
799	13837.04	-517.101	54144.42
800	13840.88	-517.004	54134.96
801	13851.47	-521.475	54129.43
802	13847.42	-515.969	54119.14
803	13848.34	-499.984	54112.51
804	13863.99	-495.542	54106.65
805	13867.88	-491.612	54099.47
806	13869.78	-477.717	54091.51
807	13883.32	-471.131	54088.10
808	13891.82	-461.435	54084.68
809	13898.89	-458.772	54079.87
810	13912.22	-456.942	54076.58
811	13912.60	-450.566	54076.77
812	13927.22	-447.266	54077.61
813	13937.68	-448.473	54078.70
814	13937.01	-444.089	54079.31
815	13937.00	-438.388	54083.94
816	13942.32	-438.857	54086.13
817	13950.37	-441.149	54086.72
818	13957.41	-444.770	54089.26
819	13966.47	-442.443	54089.19
820	13972.35	-442.292	54091.22
821	13978.60	-442.722	54092.56
822	13981.91	-443.966	54094.64
823	13983.39	-442.478	54097.60
824	13977.87	-440.508	54100.26
825	13974.61	-441.202	54103.68
826	13976.06	-440.545	54107.61
827	13975.96	-440.151	54108.49
828	13970.96	-438.747	54110.90
829	13970.64	-438.524	54112.36
830	13976.17	-440.137	54114.34
831	13971.24	-438.733	54114.84
832	13962.27	-439.719	54116.72
833	13955.51	-440.321	54117.07
834	13942.23	-437.854	54118.58
835	13931.86	-435.685	54119.46
836	13917.77	-434.321	54119.52
837	13911.54	-435.959	54118.76
838	13905.66	-435.718	54114.71
839	13895.91	-437.883	54111.66
840	13892.97	-439.522	54110.72
841	13887.88	-443.368	54108.97
842	13875.22	-450.200	54108.16
843	13875.74	-458.211	54109.94
844	13880.52	-466.049	54109.61
845	13869.38	-470.346	54109.43
846	13860.42	-475.245	54110.22
847	13874.63	-479.638	54110.92
848	13876.42	-479.621	54108.42
849	13877.97	-479.278	54105.29
850	13871.30	-482.289	54101.57
851	13871.20	-480.187	54098.88
852	13881.50	-477.953	54097.62
853	13888.67	-479.291	54095.91
854	13888.13	-479.650	54093.62
855	13888.42	-480.219	54092.54
856	13901.32	-474.045	54093.56
857	13903.34	-472.431	54095.32
858	13903.74	-473.396	54097.97
859	13890.13	-473.107	54101.07
860	13875.76	-475.452	54104.12
861	13881.13	-475.263	54110.82
862	13877.75	-471.945	54117.14
863	13878.49	-471.726	54122.13
864	13874.40	-473.560	54126.00
865	13864.23	-470.412	54131.13
866	13868.49	-471.905	54136.06
867	13874.84	-472.853	54142.61
868	13887.27	-475.474	54147.97
869	13896.86	-479.418	54152.03
870	13897.05	-481.854	54155.05
871	13895.70	-486.316	54161.10
872	13905.61	-490.308	54165.26
873	13913.85	-493.867	54168.73
874	13913.23	-496.661	54173.02
875	13923.52	-500.871	54175.98
876	13929.45	-504.465	54177.89
877	13946.07	-505.664	54179.22
878	13962.26	-506.501	54180.59
879	13969.21	-507.174	54181.92
880	13968.06	-509.462	54182.67
881	13972.09	-512.095	54185.69
882	13989.88	-511.984	54189.75
883	13999.52	-510.538	54192.22
884	13978.89	-511.649	54192.84
885	13985.08	-511.558	54196.92
886	13980.46	-510.257	54196.61
887	13965.21	-511.986	54197.09
888	13942.30	-513.168	54196.53
889	13936.08	-515.422	54198.27
890	13940.83	-513.309	54201.52
891	13953.29	-511.655	54204.34
892	13958.60	-511.498	54200.92
893	13953.97	-515.086	54200.61
894	13960.42	-516.693	54202.90
895	13969.17	-517.966	54202.08
896	13975.99	-520.320	54203.69
897	13973.28	-522.697	54205.86
898	13972.05	-524.211	54207.32
899	13967.22	-522.872	54208.82
900	13969.54	-523.298	54209.95
901	13980.61	-518.760	54211.85
902	14003.43	-513.632	54211.49
903	14002.01	-509.798	54210.76
904	13982.73	-514.365	54212.50
905	13980.54	-515.900	54215.47
906	13982.44	-517.104	54216.32
907	13996.98	-522.570	54215.43
908	14014.96	-517.936	54218.32
909	14027.82	-514.856	54220.73
910	14034.14	-513.627	54221.24
911	14032.90	-516.523	54223.19
912	14033.14	-516.781	54222.32
913	14025.74	-517.330	54224.38
914	14014.35	-520.331	54227.78
915	14007.11	-522.806	54231.11
916	14012.68	-518.536	54232.15
917	14018.23	-515.833	54232.82
918	14021.02	-514.200	54230.75
919	14019.59	-514.021	54231.49
920	14020.08	-513.267	54234.89
921	14020.40	-512.181	54235.28
922	14020.96	-510.456	54236.80
923	14022.25	-509.766	54238.08
924	14020.67	-509.950	54239.56
925	14015.88	-509.835	54239.59
926	14007.50	-506.950	54241.49
927	14013.38	-504.800	54241.32
928	14012.11	-509.749	54241.17
929	14012.85	-509.303	54238.97
930	14006.03	-511.274	54239.35
931	14002.75	-507.327	54242.81
932	14009.93	-502.773	54243.88
933	14015.86	-502.856	54243.29
934	14018.66	-504.229	54242.62
935	14018.02	-507.244	54242.49
936	14014.51	-509.813	54243.43
937	14010.21	-511.752	54245.20
938	14014.18	-507.051	54246.39
939	14017.28	-505.329	54246.09
940	14008.93	-504.295	54246.99
941	14008.28	-501.528	54247.05
942	14011.55	-500.121	54246.71
943	14013.20	-499.382	54245.18
944	14014.21	-500.493	54245.24
945	14007.80	-505.101	54245.26
946	14003.53	-505.575	54246.33
947	14011.14	-501.010	54245.64
948	14017.43	-498.749	54244.47
949	14019.49	-498.712	54243.42
950	14019.63	-497.767	54243.45
951	14020.61	-497.257	54242.54
952	14020.84	-496.173	54242.79
953	14022.61	-493.131	54243.66
954	14023.43	-494.828	54244.43
955	14026.59	-492.216	54244.70
956	14031.22	-490.148	54242.64
957	14035.16	-491.282	54239.15
958	14033.02	-496.407	54241.02
959	14026.21	-496.828	54245.48
960	14026.31	-491.460	54246.62
961	14032.49	-490.426	54243.01
962	14040.95	-489.432	54240.63
963	14046.35	-489.671	54241.69
964	14042.73	-491.265	54243.34
965	14042.55	-493.777	54242.86
966	14047.18	-496.328	54243.97
967	14051.77	-496.510	54244.87
968	14062.59	-495.621	54245.67
969	14070.73	-497.685	54247.03
970	14066.04	-502.461	54247.28
971	14051.01	-507.493	54251.06
972	14054.74	-504.605	54254.98
973	14061.46	-503.084	54256.36
974	14056.97	-502.626	54256.11
975	14051.67	-502.529	54258.07
976	14049.89	-502.198	54260.37
977	14047.16	-502.364	54260.04
978	14040.07	-503.631	54261.81
979	14036.85	-499.863	54264.28
980	14039.50	-497.151	54264.45
981	14042.18	-497.385	54263.43
982	14044.33	-498.523	54262.84
983	14044.09	-498.315	54262.32
984	14043.45	-497.617	54261.92
985	14039.18	-496.475	54261.34
986	14037.32	-494.202	54261.75
987	14039.46	-493.354	54261.38
988	14041.38	-493.059	54260.42
989	14040.65	-493.071	54259.63
990	14039.70	-491.975	54260.94
991	14038.97	-490.107	54260.85
992	14042.62	-488.044	54260.02
993	14046.23	-488.867	54258.81
994	14052.23	-490.684	54258.68
995	14052.34	-492.387	54259.53
996	14052.48	-494.018	54259.41
997	14049.40	-495.633	54261.34
998	14049.60	-493.207	54262.49
999	14051.19	-493.504	54261.92
1000	14051.63	-493.891	54261.94
1001	14051.67	-496.559	54262.69
1002	14049.31	-497.473	54263.84
1003	14044.61	-496.770	54264.57
1004	14041.65	-494.589	54265.08
1005	14039.21	-492.717	54265.83
1006	14044.47	-488.407	54266.08
1007	14046.04	-488.755	54265.05
1008	14050.29	-488.514	54263.81
1009	14046.72	-489.568	54263.67
1010	14052.86	-488.959	54263.90
1011	14055.50	-489.562	54263.54
1012	14054.46	-487.859	54263.21
1013	14058.30	-487.742	54263.45
1014	14054.66	-489.604	54263.46
1015	14056.94	-491.065	54264.20
1016	14052.52	-492.569	54264.63
1017	14049.21	-492.733	54265.56
1018	14045.98	-490.173	54266.23
1019	14048.84	-492.545	54265.78
1020	14047.23	-494.514	54265.50
1021	14044.20	-493.491	54265.86
1022	14045.92	-492.434	54266.32
1023	14045.79	-491.132	54266.04
1024	14049.63	-490.929	54266.10
1025	14050.67	-490.849	54265.90
1026	14051.27	-493.510	54265.39
1027	14051.02	-492.117	54265.30
1028	14051.59	-493.400	54265.61
1029	14052.03	-494.355	54265.60
1030	14052.54	-494.258	54265.65
1031	14053.71	-495.698	54265.68
1032	14049.94	-500.402	54265.69
1033	14048.62	-500.728	54266.16
1034	14039.95	-497.916	54266.22
1035	14044.58	-493.009	54267.02
1036	14043.78	-492.261	54267.02
1037	14046.58	-492.095	54266.45
1038	14048.41	-491.092	54265.73
1039	14055.66	-494.119	54265.64
1040	14052.12	-498.043	54265.05
1041	14047.13	-497.811	54265.45
1042	14049.53	-496.615	54266.63
1043	14047.30	-498.704	54267.32
1044	14041.60	-499.976	54268.02
1045	14040.00	-495.566	54268.91
1046	14045.59	-496.346	54269.11
1047	14042.42	-500.507	54268.06
1048	14037.16	-495.345	54268.78
1049	14041.16	-495.821	54270.02
1050	14038.22	-498.809	54269.39
1051	14037.39	-499.647	54269.41
1052	14036.29	-497.704	54269.63
1053	14034.32	-495.574	54270.18
1054	14034.10	-496.618	54270.56
1055	14033.57	-492.841	54270.71
1056	14039.76	-491.345	54270.10
1057	14040.65	-490.530	54270.10
1058	14043.81	-490.886	54270.03
1059	14040.26	-494.990	54270.41
1060	14036.38	-490.399	54271.29
1061	14039.93	-485.381	54271.54
1062	14049.39	-489.139	54270.76
1063	14049.52	-494.181	54269.71
1064	14047.73	-496.058	54270.48
1065	14046.44	-496.722	54270.69
1066	14044.41	-497.480	54271.27
1067	14046.15	-497.285	54271.66
1068	14047.20	-497.411	54271.98
1069	14046.29	-497.132	54271.65
1070	14051.11	-496.147	54272.29
1071	14054.81	-500.012	54272.42
1072	14051.74	-501.481	54271.61
1073	14049.22	-501.690	54272.83
1074	14048.47	-498.004	54275.01
1075	14053.12	-495.269	54275.80
1076	14052.44	-499.087	54275.93
1077	14047.94	-500.732	54277.07
1078	14047.81	-498.819	54279.33
1079	14051.09	-498.364	54281.17
1080	14049.34	-499.450	54282.45
1081	14051.01	-497.641	54282.52
1082	14048.75	-494.555	54281.26
1083	14043.16	-497.037	54282.48
1084	14041.66	-491.972	54282.84
1085	14042.96	-491.737	54283.42
1086	14047.85	-498.442	54283.00
1087	14045.15	-499.586	54282.02
1088	14045.09	-497.815	54281.90
1089	14047.40	-498.596	54281.91
1090	14050.17	-498.815	54281.95
1091	14047.19	-499.017	54281.39
1092	14046.96	-498.448	54281.62
1093	14045.72	-499.299	54281.88
1094	14044.20	-499.883	54281.90
1095	14043.14	-501.967	54281.50
1096	14039.94	-500.316	54281.02
1097	14039.18	-495.129	54280.33
1098	14042.80	-496.277	54279.88
1099	14042.28	-495.610	54280.15
1100	14047.53	-505.454	54280.70
1101	14049.65	-510.919	54279.70
1102	14042.56	-506.663	54278.86
1103	14036.61	-498.169	54279.88
1104	14035.31	-491.815	54280.62
1105	14031.98	-492.745	54281.52
1106	14030.57	-494.775	54281.88
1107	14031.01	-495.561	54281.57
1108	14032.62	-500.866	54280.46
1109	14031.59	-504.746	54279.87
1110	14032.11	-505.595	54278.50
1111	14032.90	-509.338	54276.89
1112	14031.03	-510.738	54275.61
1113	14032.96	-510.032	54274.36
1114	14037.12	-509.893	54272.50
1115	14037.16	-516.359	54270.78
1116	14030.91	-516.171	54269.72
1117	14030.11	-512.143	54270.06
1118	14028.17	-510.097	54269.27
1119	14024.68	-504.864	54268.55
1120	14030.66	-502.337	54268.43
1121	14029.30	-503.115	54268.07
1122	14031.85	-500.709	54267.14
1123	14036.84	-503.878	54265.69
1124	14030.28	-505.455	54265.10
1125	14039.70	-498.735	54266.08
1126	14049.55	-508.708	54263.76
1127	14034.62	-516.897	54264.00
1128	14038.33	-508.447	54266.18
1129	14042.39	-513.926	54265.53
1130	14033.69	-511.746	54266.62
1131	14035.06	-506.488	54268.22
1132	14032.66	-508.222	54268.93
1133	14032.19	-499.361	54269.96
1134	14042.11	-500.052	54269.78
1135	14036.99	-508.365	54269.39
1136	14031.90	-503.739	54269.75
1137	14041.83	-501.429	54269.73
1138	14033.52	-504.895	54269.17
1139	14035.73	-499.909	54270.01
1140	14036.53	-496.428	54269.17
1141	14031.53	-499.153	54268.59
1142	14037.49	-497.972	54268.37
1143	14036.05	-503.442	54266.58
1144	14021.71	-493.250	54266.01
1145	14024.63	-482.959	54265.78
1146	14043.64	-493.048	54264.95
1147	14047.48	-507.714	54262.31
1148	14040.10	-524.211	54262.95
1149	14036.38	-516.745	54264.39
1150	14042.25	-521.179	54263.94
1151	14025.23	-527.073	54264.86
1152	14022.81	-510.156	54266.22
1153	14030.43	-496.449	54264.36
1154	14030.93	-500.723	54264.26
1155	14031.01	-506.683	54263.78
1156	14033.06	-512.357	54265.06
1157	14034.30	-514.021	54262.24
1158	14037.04	-512.734	54260.95
1159	14033.36	-508.208	54261.57
1160	14041.71	-513.026	54261.30
1161	14042.77	-511.992	54260.55
1162	14040.67	-508.589	54260.98
1163	14040.16	-512.398	54261.42
1164	14031.81	-515.841	54263.13
1165	14031.16	-509.695	54264.16
1166	14033.04	-507.024	54263.84
1167	14035.71	-506.188	54263.35
1168	14036.99	-504.786	54262.69
1169	14031.84	-508.061	54263.29
1170	14035.83	-510.184	54263.43
1171	14030.88	-507.352	54262.95
1172	14034.67	-510.155	54263.15
1173	14032.84	-511.169	54262.96
1174	14032.11	-510.086	54263.37
1175	14039.04	-507.331	54262.65
1176	14043.74	-515.953	54261.05
1177	14026.61	-517.429	54261.59
1178	14025.55	-504.372	54263.00
1179	14038.52	-508.871	54262.25
1180	14037.31	-512.954	54261.01
1181	14027.52	-510.240	54262.05
1182	14035.51	-512.521	54263.40
1183	14036.45	-519.116	54262.21
1184	14020.80	-525.669	54263.08
1185	14013.16	-517.304	54265.56
1186	14023.95	-508.425	54264.56
1187	14030.53	-501.026	54261.98
1188	14032.63	-503.723	54261.11
1189	14031.62	-511.169	54261.99
1190	14033.39	-509.615	54261.86
1191	14029.82	-509.063	54261.83
1192	14026.84	-506.724	54261.81
1193	14027.41	-507.195	54262.28
1194	14029.75	-510.520	54261.99
1195	14029.13	-513.651	54262.76
1196	14028.34	-517.902	54263.62
1197	14022.79	-526.241	54263.96
1198	14015.70	-519.167	54264.59
1199	14025.45	-507.867	54263.74
1200	14037.65	-511.019	54260.15
1201	14028.86	-515.177	54259.99
1202	14030.85	-514.873	54261.35
1203	14033.02	-516.717	54260.49
1204	14030.60	-511.783	54259.91
1205	14035.30	-506.828	54260.05
1206	14036.40	-511.326	54259.67
1207	14028.65	-513.606	54260.77
1208	14036.18	-507.477	54261.66
1209	14039.56	-512.868	54260.95
1210	14034.32	-517.214	54261.18
1211	14032.69	-516.723	54262.21
1212	14030.44	-517.156	54263.04
1213	14029.98	-511.944	54262.86
1214	14037.08	-504.581	54262.85
1215	14042.69	-507.812	54262.70
1216	14036.38	-516.217	54262.77
1217	14029.20	-511.789	54264.67
1218	14033.30	-508.581	54265.41
1219	14034.68	-508.634	54265.05
1220	14037.37	-506.291	54264.59
1221	14039.66	-510.254	54264.92
1222	14034.58	-518.060	54266.08
1223	14034.03	-515.745	54266.57
1224	14027.71	-519.338	54267.50
1225	14027.36	-514.096	54268.03
1226	14026.21	-510.705	54268.01
1227	14027.87	-505.706	54268.31
1228	14032.23	-508.033	54267.83
1229	14028.48	-511.610	54267.21
1230	14022.66	-506.562	54267.91
1231	14027.29	-502.477	54267.97
1232	14033.51	-502.201	54266.74
1233	14036.54	-506.056	54266.26
1234	14031.46	-514.615	54266.90
1235	14025.29	-516.529	54267.41
1236	14020.71	-511.807	54267.20
1237	14026.12	-499.403	54267.05
1238	14031.55	-500.103	54266.41
1239	14041.27	-506.324	54264.58
1240	14032.40	-513.554	54264.58
1241	14035.45	-515.340	54265.33
1242	14029.56	-513.369	54265.73
1243	14028.12	-510.462	54267.25
1244	14033.24	-508.083	54267.25
1245	14031.63	-508.455	54266.41
1246	14028.70	-509.978	54267.27
1247	14032.99	-514.443	54266.89
1248	14032.33	-513.638	54266.13
1249	14026.16	-512.089	54266.61
1250	14027.89	-506.687	54266.81
1251	14038.54	-508.904	54265.10
1252	14033.81	-517.456	54264.54
1253	14027.27	-513.844	54265.19
1254	14030.49	-509.430	54266.16
1255	14031.51	-516.705	54265.28
1256	14025.45	-518.268	54265.55
1257	14028.36	-507.242	54264.67
1258	14037.21	-507.791	54262.68
1259	14033.20	-509.315	54263.03
1260	14032.02	-506.428	54262.62
1261	14025.41	-506.907	54263.98
1262	14026.50	-508.683	54265.14
1263	14028.76	-511.738	54265.09
1264	14026.28	-514.543	54265.11
1265	14026.33	-510.782	54265.55
1266	14029.90	-510.157	54264.88
1267	14025.40	-511.945	54265.30
1268	14026.27	-507.544	54265.89
1269	14032.90	-508.207	54265.33
1270	14029.02	-513.786	54264.73
1271	14023.54	-511.821	54265.95
1272	14023.61	-505.587	54266.88
1273	14024.56	-508.540	54266.53
1274	14027.19	-509.789	54265.72
1275	14030.26	-510.239	54264.13
1276	14023.26	-513.790	54265.10
1277	14013.36	-515.839	54267.04
1278	14012.19	-506.354	54267.82
1279	14024.33	-499.715	54266.62
1280	14036.87	-506.720	54263.79
1281	14035.39	-507.074	54261.94
1282	14028.60	-504.388	54262.90
1283	14024.70	-508.081	54265.32
1284	14028.99	-512.931	54265.46
1285	14028.70	-507.835	54264.54
1286	14029.08	-507.246	54264.91
1287	14031.18	-510.031	54264.91
1288	14028.13	-512.385	54264.90
1289	14024.79	-513.296	54265.88
1290	14025.57	-512.803	54266.28
1291	14027.18	-512.712	54265.97
1292	14023.23	-513.164	54266.27
1293	14020.84	-510.503	54267.43
1294	14020.89	-509.913	54267.81
1295	14028.46	-509.176	54266.93
1296	14031.44	-509.430	54265.00
1297	14028.36	-510.803	54265.26
1298	14027.20	-512.963	54265.98
1299	14028.31	-514.182	54266.10
1300	14029.61	-513.448	54265.60
1301	14030.06	-513.208	54265.29
1302	14028.52	-513.767	54265.38
1303	14027.55	-512.927	54265.68
1304	14027.45	-513.457	54265.70
1305	14028.11	-513.145	54265.49
1306	14029.76	-511.402	54265.03
1307	14031.18	-513.423	54264.52
1308	14029.60	-515.028	54264.50
1309	14027.22	-514.940	54265.01
1310	14027.88	-513.633	54265.13
1311	14029.67	-512.250	54264.43
1312	14029.43	-512.186	54264.00
1313	14028.17	-513.883	54264.30
1314	14027.56	-514.356	54264.36
1315	14029.91	-512.542	54263.80
1316	14029.99	-512.232	54263.17
1317	14030.86	-512.680	54263.12
1318	14029.57	-513.934	54262.97
1319	14029.51	-512.128	54263.37
1320	14033.43	-513.123	54262.80
1321	14031.55	-515.053	54262.36
1322	14031.07	-512.217	54263.01
1323	14036.62	-511.128	54261.69
1324	14036.01	-512.983	54261.08
1325	14031.72	-515.074	54262.12
1326	14028.13	-518.043	54263.53
1327	14028.10	-517.010	54264.02
1328	14026.34	-515.522	54264.14
1329	14025.48	-515.062	54264.39
1330	14028.53	-514.488	54264.10
1331	14029.82	-514.713	54263.43
1332	14028.94	-514.802	54263.12
1333	14028.87	-515.139	54263.29
1334	14028.33	-515.458	54263.35
1335	14027.41	-514.839	54263.45
1336	14027.58	-513.861	54263.59
1337	14026.62	-514.738	54263.76
1338	14027.73	-513.181	54264.04
1339	14030.17	-515.021	54263.17
1340	14029.24	-515.748	54262.86
1341	14029.11	-515.936	54262.95
1342	14026.86	-517.368	54263.30
1343	14026.04	-516.292	54263.74
1344	14028.46	-514.109	54263.23
1345	14029.14	-515.948	54263.07
1346	14029.10	-516.333	54263.11
1347	14029.27	-516.828	54262.86
1348	14029.72	-517.703	54262.97
1349	14026.20	-516.817	54263.22
1350	14023.51	-513.347	54263.61
1351	14026.63	-514.921	54263.84
1352	14031.86	-516.128	54262.54
1353	14031.66	-516.350	54261.63
1354	14028.68	-516.687	54262.06
1355	14028.59	-516.102	54262.29
1356	14029.05	-514.935	54262.10
1357	14030.50	-513.548	54261.89
1358	14032.21	-512.571	54261.56
1359	14031.96	-511.133	54261.53
1360	14031.05	-512.224	54262.16
1361	14032.44	-512.867	54262.61
1362	14034.23	-512.773	54262.35
1363	14033.48	-512.469	54262.67
1364	14034.48	-513.299	54262.97
1365	14035.48	-516.214	54263.02
1366	14033.41	-516.845	54263.31
1367	14033.28	-516.831	54263.68
1368	14032.37	-519.183	54264.47
1369	14031.42	-518.132	54264.83
1370	14031.26	-516.789	54265.05
1371	14030.12	-516.142	54265.63
1372	14032.59	-516.814	54265.53
1373	14032.83	-520.566	54265.29
1374	14032.85	-520.459	54265.01
1375	14032.06	-521.464	54264.99
1376	14032.57	-522.928	54265.41
1377	14036.58	-521.570	54264.64
1378	14038.12	-516.985	54263.41
1379	14034.28	-514.092	54264.06
1380	14028.93	-513.652	54265.70
1381	14030.68	-520.237	54266.89
1382	14038.21	-517.216	54264.67
1383	14040.59	-515.783	54262.78
1384	14031.18	-524.036	54264.32
1385	14025.58	-523.899	54267.02
1386	14021.03	-524.685	54268.22
1387	14023.60	-523.525	54268.76
1388	14027.45	-526.406	54267.28
1389	14033.46	-526.687	54265.41
1390	14038.24	-519.921	54262.18
1391	14039.50	-514.041	54261.44
1392	14036.44	-514.320	54261.84
1393	14027.89	-518.308	54264.25
1394	14027.98	-521.228	54265.90
1395	14032.68	-523.280	54264.95
1396	14034.10	-525.272	54263.85
1397	14038.01	-522.504	54262.59
1398	14041.22	-518.833	54261.32
1399	14045.06	-515.975	54260.51
1400	14043.49	-515.542	54260.57
1401	14036.65	-516.186	54262.22
1402	14033.37	-518.675	54263.97
1403	14031.49	-521.408	54265.08
1404	14028.02	-523.139	54265.84
1405	14027.53	-522.522	54266.06
1406	14029.06	-520.895	54265.74
1407	14027.83	-522.088	54265.55
1408	14024.66	-523.688	54266.08
1409	14023.75	-524.025	54266.38
1410	14023.25	-523.248	54266.18
1411	14023.33	-522.941	54265.94
1412	14022.94	-522.779	54265.65
1413	14021.25	-523.370	54265.82
1414	14021.25	-525.183	54265.87
1415	14023.43	-525.276	54265.21
1416	14025.65	-524.559	54264.20
1417	14026.03	-524.775	54263.74
1418	14026.50	-525.409	54263.60
1419	14025.97	-526.474	54263.57
1420	14024.22	-526.720	54263.92
1421	14022.61	-526.056	54264.34
1422	14024.57	-525.320	54264.34
1423	14027.15	-525.007	54263.63
1424	14028.47	-525.036	54263.16
1425	14027.36	-526.487	54263.56
1426	14026.77	-527.464	54263.88
1427	14025.98	-527.209	54264.15
1428	14024.46	-526.024	54264.48
1429	14026.43	-524.442	54264.46
1430	14027.97	-524.351	54264.02
1431	14027.77	-524.403	54264.02
1432	14028.02	-524.728	54264.24
1433	14027.02	-525.561	54264.66
1434	14027.70	-525.634	54264.61
1435	14026.87	-525.152	54264.70
1436	14026.13	-524.721	54264.90
1437	14025.00	-523.527	54264.87
1438	14023.24	-522.104	54265.09
1439	14024.54	-520.078	54265.09
