Bob Howard, 2005
Seismogram
Big channel around sample 892.
Chatter/Fault around sample 981
nx1=1069 
dx1=0.002 s
fx1=0.000 s
f=
    0.0
    0.0
    0.0
    0.0
    0.0
    0.0
    0.0
    0.0
    0.0
    0.0
    0.0
    0.0
    45.4658966
    157.059283
    189.136536
    -81.113006
   -763.289062
   -1657.02734
   -2235.81958
   -1915.10522
   -505.085693
    1442.13232
    2703.00122
    1656.06128
   -919.560791
   -3822.75293
   -5685.84766
   -5606.07812
   -3547.03638
   -326.071777
    2788.78467
    4661.76562
    4768.02734
    3354.87964
    1242.18799
   -606.092285
   -1514.33358
   -1333.82007
   -409.044678
    666.971924
    1359.58301
    1412.58521
    903.632087
    149.653183
   -460.762939
   -622.837891
   -208.298981
    710.749023
    1887.22388
    2955.56372
    3514.68144
    3237.18164
    1989.32349
   -78.6085663
   -2516.20337
   -4686.88672
   -5979.97656
   -6027.86328
   -4852.87109
   -2865.55396
   -707.643799
    993.517822
    1849.81863
    1819.93604
    1163.99268
    285.492432
   -449.636231
   -828.652344
   -802.482422
   -415.923096
    274.934572
    1233.34814
    2400.12012
    3615.56665
    4575.41797
    4879.36719
    4179.48047
    2371.56258
   -266.965332
   -3080.11084
   -5207.51172
   -5880.73438
   -4729.35547
   -1968.22656
    1621.90771
    4927.53516
    6869.96094
    6772.76172
    4593.66016
    937.496826
   -3149.29980
   -6522.37549
   -8295.46484
   -8087.48047
   -6089.09766
   -2947.83228
    466.235596
    3320.98584
    5024.01562
    5319.10938
    4278.05469
    2223.43433
   -372.037842
   -2977.08838
   -5075.16797
   -6228.03125
   -6140.60938
   -4725.80859
   -2151.11678
    1159.89062
    4590.63281
    7457.21094
    9168.57422
    9375.23047
    8059.94141
    5540.47266
    2382.72299
   -750.080566
   -3267.49171
   -4793.05078
   -5238.29688
   -4791.69531
   -3829.38306
   -2777.16263
   -1968.16846
   -1542.19872
   -1419.92407
   -1359.64331
   -1074.63623
   -367.397461
    783.177498
    2180.78833
    3468.23999
    4239.33984
    4168.25391
    3112.45825
    1161.05225
   -1376.79028
   -4030.18311
   -6252.85156
   -7523.07422
   -7449.22656
   -5871.91406
   -2943.11157
    849.082764
    4742.32422
    7860.35547
    9445.24609
    9094.10156
    6912.41016
    3512.86646
   -158.832504
   -3120.00122
   -4663.63672
   -4570.33203
   -3140.85547
   -1044.2832
    948.260986
    2232.02515
    2535.86182
    1938.53101
    754.731689
   -635.496582
   -1928.50342
   -2954.90234
   -3651.69556
   -3992.45166
   -3934.36011
   -3420.22046
   -2431.7561
   -1053.81445
    501.376953
    1938.47461
    2979.02661
    3468.0061
    3428.61182
    3031.88306
    2494.15332
    1957.4707
    1421.28198
    768.223145
   -125.588364
   -1256.54053
   -2417.32373
   -3235.62744
   -3325.30884
   -2483.14648
   -830.718262
    1180.92651
    2921.89014
    3828.96118
    3633.9646
    2466.99072
    786.183105
   -829.134521
   -1919.3833
   -2305.20776
   -2100.62695
   -1591.95337
   -1063.21826
   -667.550781
   -405.560303
   -201.736908
   -11.1399336
    123.567566
    104.548157
   -124.883514
   -493.57251
   -796.985352
   -792.37915
   -344.60791
    469.045166
    1370.14575
    2013.46851
    2172.05688
    1861.03955
    1317.5813
    839.819336
    579.168945
    420.174316
    39.6444397
   -868.730957
   -2327.06006
   -3930.83765
   -4946.14453
   -4632.62891
   -2644.08984
    704.170166
    4460.97656
    7374.82422
    8395.48438
    7107.17578
    3888.67896
   -268.305176
   -4181.74219
   -6929.99609
   -8120.55469
   -7878.28906
   -6609.26172
   -4707.22266
   -2379.17358
    325.104736
    3328.43091
    6332.05078
    8762.05859
    9919.48828
    9272.01953
    6735.16797
    2787.80713
   -1649.39575
   -5521.82031
   -7992.33984
   -8680.28516
   -7699.38672
   -5514.24609
   -2710.08252
    184.686005
    2771.12695
    4748.51172
    5855.21875
    5863.41797
    4659.51172
    2369.19678
   -562.743896
   -3420.32568
   -5411.47266
   -5946.28125
   -4877.02344
   -2581.91309
    160.013824
    2459.43604
    3650.88965
    3527.15259
    2376.56348
    816.630371
   -491.838867
   -1117.33057
   -999.335938
   -409.766602
    228.970566
    569.547363
    498.002686
    156.035416
   -169.703247
   -223.443985
    73.643158
    580.811768
    1015.68433
    1108.27637
    750.074219
    62.3130951
   -650.297607
   -1037.66919
   -868.515137
   -145.103073
    881.509277
    1799.71338
    2189.28394
    1774.97607
    525.861572
   -1328.3689
   -3359.9397
   -5056.20312
   -5947.20703
   -5716.72656
   -4277.21094
   -1798.99146
    1309.67285
    4470.625
    7044.18359
    8460.52344
    8347.30859
    6623.05078
    3531.3457
   -394.415039
   -4428.57812
   -7791.33594
   -9799.22266
   -10000.7383
   -8274.41797
   -4871.70703
   -391.447021
    4319.37891
    8330.49219
    10830.7031
    11320.9375
    9742.48438
    6495.93359
    2336.80713
   -1825.56396
   -5164.85547
   -7136.54297
   -7579.96094
   -6701.61719
   -4960.19922
   -2903.64185
   -1016.17261
    381.971436
    1166.31689
    1381.28271
    1178.92212
    749.388672
    262.66333
   -167.346237
   -491.939697
   -710.994873
   -837.846191
   -860.393799
   -718.333252
   -313.973633
    438.883545
    1543.78589
    2861.81909
    4100.82031
    4875.64453
    4830.14453
    3778.76196
    1808.61011
   -707.436035
   -3201.59448
   -5076.89844
   -5886.12891
   -5457.07812
   -3922.01562
   -1651.13257
    871.806641
    3176.78467
    4893.80859
    5783.99219
    5731.68359
    4728.61328
    2873.08887
    384.36792
   -2389.95532
   -5002.22656
   -6982.77344
   -7953.69922
   -7738.83984
   -6423.05078
   -4330.19922
   -1923.11499
    337.69043
    2122.03223
    3298.09033
    3921.9126
    4164.32422
    4214.99219
    4206.28125
    4182.58984
    4115.00781
    3940.75562
    3601.14844
    3061.70947
    2314.12866
    1372.02881
    272.710693
   -912.774414
   -2071.36816
   -3056.71655
   -3722.85522
   -3974.97656
   -3814.37573
   -3351.42896
   -2772.46021
   -2269.48315
   -1962.77466
   -1853.52588
   -1831.15161
   -1733.31592
   -1429.58765
   -887.040283
   -185.277603
    525.112305
    1096.86401
    1452.73071
    1609.80176
    1651.57544
    1667.83228
    1700.41162
    1728.40454
    1701.66797
    1600.73682
    1482.49634
    1476.11035
    1721.17676
    2275.19946
    3040.46191
    3756.78931
    4076.77686
    3697.948
    2494.6272
    587.959473
   -1680.47192
   -3861.13013
   -5544.59375
   -6480.05469
   -6617.12109
   -6064.63672
   -5001.82422
   -3597.01758
   -1977.76245
   -259.980469
    1395.66626
    2751.90283
    3527.31592
    3494.88892
    2604.78101
    1065.32471
   -672.893311
   -2042.80249
   -2555.56006
   -1985.79419
   -467.354736
    1544.06372
    3427.83301
    4610.81641
    4751.03906
    3826.20386
    2106.0564
    36.2294769
   -1908.71851
   -3346.08911
   -4047.9353
   -3947.45215
   -3112.72241
   -1713.82959
    4.49675274
    1750.04443
    3222.55176
    4170.03125
    4449.47266
    4066.11938
    3167.02246
    1983.28052
    741.477295
   -416.071045
   -1463.34766
   -2458.02246
   -3460.27563
   -4445.88281
   -5262.32422
   -5657.42578
   -5374.96094
   -4277.32031
   -2439.54712
   -168.710022
    2066.16431
    3770.87012
    4579.21875
    4366.69531
    3285.42041
    1711.93555
    130.47023
   -1006.53198
   -1396.58154
   -953.102539
    190.950821
    1732.48486
    3279.34863
    4439.47656
    4899.45703
    4481.64453
    3175.58887
    1142.47485
   -1307.77612
   -3766.95264
   -5804.375
   -7054.13281
   -7297.4375
   -6516.05859
   -4897.17188
   -2782.4834
   -574.130127
    1372.85962
    2834.01831
    3745.47144
    4172.86719
    4237.97656
    4040.42163
    3613.02124
    2931.40283
    1969.50464
    767.612793
   -528.780273
   -1686.90161
   -2459.65674
   -2681.7478
   -2342.58862
   -1598.79297
   -717.649902
    23.4515381
    435.790527
    472.893066
    219.930695
   -167.209503
   -535.606934
   -782.333496
   -855.499268
   -720.524414
   -325.590332
    398.052734
    1486.82544
    2865.85962
    4286.17969
    5327.41016
    5491.11719
    4367.78906
    1819.81323
   -1895.13525
   -6121.33984
   -9940.76172
   -12411.3906
   -12831.25
   -10939.9961
   -6993.44141
   -1692.95288
    3997.62622
    9081.99609
    12737.6484
    14449.2109
    14054.7461
    11721.5
    7882.30078
    3158.30566
   -1722.02197
   -6013.01562
   -9058.51562
   -10410.5
   -9935.38672
   -7869.60156
   -4789.30078
   -1482.00073
    1255.91577
    2839.00513
    3058.30908
    2133.70312
    630.803467
   -732.696045
   -1327.33594
   -818.972168
    724.519287
    2858.48486
    4905.90625
    6170.94141
    6153.21875
    4698.64844
    2045.70093
   -1241.47339
   -4429.23047
   -6812.87109
   -7900.53906
   -7531.84766
   -5900.00391
   -3474.43872
   -850.649414
    1424.35791
    2995.58252
    3768.83472
    3887.92749
    3636.13232
    3304.09204
    3075.79956
    2973.34717
    2874.78003
    2589.37671
    1953.69043
    908.180176
   -472.318604
   -1998.32495
   -3419.38623
   -4486.36719
   -5001.41016
   -4847.35156
   -4000.85425
   -2538.18433
   -637.934326
    1424.50684
    3302.35962
    4631.78516
    5111.91016
    4591.25
    3130.34814
    1012.08105
   -1313.55957
   -3339.62769
   -4635.08203
   -4958.09375
   -4313.26172
   -2936.16553
   -1213.00146
    435.980469
    1672.08301
    2319.4458
    2392.60376
    2068.16089
    1613.45361
    1294.52881
    1288.95898
    1626.59253
    2174.68066
    2673.34473
    2814.40894
    2343.5249
    1155.98633
   -644.954102
   -2749.92163
   -4710.27344
   -6053.56641
   -6413.73828
   -5635.86328
   -3822.89453
   -1310.69897
    1418.87866
    3858.6853
    5594.23047
    6387.17188
    6206.46094
    5206.36328
    3665.10059
    1905.37524
    219.047592
   -1186.96021
   -2214.02197
   -2863.59106
   -3204.47852
   -3328.54858
   -3310.34253
   -3184.1687
   -2945.41675
   -2573.11353
   -2061.6272
   -1444.91504
   -799.818848
   -224.56308
    198.905563
    441.190186
    541.875732
    596.06958
    714.901855
    976.584229
    1389.90088
    1886.85278
    2348.05591
    2649.61816
    2710.81177
    2522.19116
    2143.46875
    1674.35107
    1213.14185
    821.804932
    511.453857
    251.636734
   -4.02954865
   -289.680908
   -609.639404
   -938.193848
   -1234.80908
   -1465.91333
   -1622.01367
   -1721.62939
   -1799.78564
   -1885.8457
   -1980.6958
   -2044.40015
   -2002.22046
   -1769.88184
   -1290.82495
   -571.583984
    300.214844
    1166.37354
    1838.26636
    2155.7207
    2044.39307
    1549.22803
    828.590332
    107.635818
   -394.471191
   -537.87915
   -308.837891
    177.601913
    720.032959
    1102.28784
    1167.78467
    870.26709
    284.749512
   -422.025879
   -1047.85547
   -1416.58374
   -1424.47095
   -1059.49316
   -393.003662
    447.439697
    1311.17505
    2052.5022
    2548.50659
    2707.91846
    2476.05664
    1840.78784
    840.755615
   -427.772949
   -1812.15503
   -3119.02344
   -4145.80078
   -4722.60938
   -4752.61719
   -4236.67188
   -3271.56738
   -2020.12085
   -662.341309
    654.780518
    1849.33643
    2905.45581
    3842.85498
    4668.68359
    5334.45703
    5720.38672
    5659.22266
    4994.63672
    3653.40112
    1702.07446
   -637.33252
   -3023.65747
   -5075.72656
   -6468.14062
   -7010.73828
   -6685
   -5627.94922
   -4074.11523
   -2281.46582
   -470.363525
    1204.45996
    2646.23071
    3786.81982
    4558.61719
    4887.00391
    4709.63672
    4012.51099
    2862.10205
    1413.25269
   -116.427246
   -1498.14404
   -2549.16504
   -3172.23291
   -3362.53638
   -3183.3894
   -2726.25952
   -2076.55029
   -1300.51831
   -454.977051
    392.45752
    1150.78638
    1713.80298
    1988.94556
    1933.27856
    1577.17505
    1021.47241
    407.36084
   -127.787445
   -488.758789
   -639.500732
   -595.67749
   -402.691406
   -115.00032
    211.937927
    517.682129
    729.794922
    770.323975
    580.774414
    157.847061
   -419.096924
   -989.293213
   -1349.68555
   -1322.29468
   -824.043457
    91.1737518
    1238.01294
    2352.04224
    3168.02075
    3493.26245
    3250.13354
    2477.95264
    1302.81738
   -104.914764
   -1566.58325
   -2915.70386
   -4006.17383
   -4717.88672
   -4967.37109
   -4722.80469
   -4015.34399
   -2937.14502
   -1622.80591
   -220.532715
    1134.02148
    2329.58472
    3274.21045
    3882.11792
    4067.62402
    3758.17603
    2926.66406
    1629.36646
    28.0313873
   -1621.73218
   -3019.81299
   -3895.19678
   -4078.34082
   -3546.10229
   -2424.02686
   -947.64917
    601.145508
    1960.57886
    2939.92993
    3446.26709
    3487.6853
    3158.7251
    2613.43994
    2029.41235
    1565.73853
    1321.43042
    1305.78735
    1434.38354
    1559.40039
    1530.53882
    1267.37524
    813.372803
    342.905273
    107.651932
    333.047119
    1099.36865
    2254.37817
    3398.91919
    3963.66187
    3363.07422
    1183.28589
   -2654.18774
   -7806.25468
   -13530.0898
   -18811.793
   -22570.5547
   -23887.9141
   -22208.4141
   -17467.5312
   -10123.0234
   -1085.92871
    8432.45312
    17128.1953
    23828.875
    27693.5742
    28351.0273
    25948.4141
    21099.875
    14745.2539
    7951.19141
    1700.90137
   -3278.04736
   -6610.79297
   -8282.34375
   -8566.06641
   -7904.75391
   -6782.82812
   -5622.17969
   -4718.54688
   -4218.80859
   -4128.79688
   -4339.43359
   -4663.58984
   -4881.91016
   -4796.37525
   -4285.75781
   -3349.05151
   -2119.16382
   -834.153809
    232.392227
    861.916016
    969.556396
    638.428711
    92.4400024
   -384.348389
   -550.49585
   -290.431152
    355.254639
    1222.4541
    2101.03955
    2819.97656
    3301.38037
    3561.64111
    3664.56592
    3654.78516
    3508.9043
    3132.09766
    2404.98999
    1260.03296
   -248.900208
   -1918.89648
   -3430.26611
   -4431.51172
   -4647.78906
   -3973.73462
   -2517.40747
   -579.78125
    1423.20459
    3070.60229
    4044.41016
    4204.44141
    3611.00806
    2492.47144
    1170.31177
   -35.088623
   -890.720459
   -1305.57031
   -1339.37549
   -1164.80713
   -996.164062
   -1007.80249
   -1270.39893
   -1723.02881
   -2194.40405
   -2463.39966
   -2338.50903
   -1728.85889
   -683.036621
    616.271729
    1898.22632
    2873.92212
    3308.23682
    3073.63623
    2174.94849
    744.252197
   -987.344238
   -2731.72656
   -4191.67578
   -5109.22656
   -5310.0625
   -4738.00391
   -3471.49414
   -1714.09839
    244.075333
    2088.27246
    3548.64648
    4456.60547
    4769.74219
    4558.22266
    3960.59131
    3129.13232
    2188.22632
    1221.30518
    286.782715
   -552.064697
   -1205.68896
   -1563.23364
   -1527.16382
   -1063.479
   -242.392761
    754.402832
    1670.11816
    2243.53687
    2288.43481
    1751.36255
    726.107666
   -578.842041
   -1904.83105
   -3013.7019
   -3739.92432
   -4010.86499
   -3836.99097
   -3285.07129
   -2450.36987
   -1438.39673
   -357.766357
    681.716797
    1573.36084
    2224.22729
    2570.02051
    2588.01147
    2301.90918
    1776.49194
    1104.66357
    392.224121
   -255.410065
   -743.761963
   -999.415527
   -982.203369
   -698.781982
   -212.520248
    357.759277
    855.688477
    1121.2063
    1032.13135
    540.31543
   -310.131104
   -1388.87793
   -2507.21143
   -3457.85669
   -4054.45288
   -4161.19141
   -3708.98438
   -2700.28271
   -1206.90942
    635.827881
    2638.81396
    4575.01172
    6203.75391
    7302.54297
    7701.64062
    7314.0625
    6154.05078
    4339.80078
    2080.00293
   -353.245605
   -2661.31862
   -4561.35156
   -5829.05469
   -6335.61328
    345.465896
    2457.35528
    3457.59828
    2189.13653
   -81.1130066
   -763.289062
   -1657.02734
   -2235.81958
   -1915.10522
   -505.085693
    45.4658966
    157.05928
    189.136536
   -81.1130066
    0.0
    0.0

