Dylan Mikesel, 2005
The data was bandpassed filtered before it was recorded.
The filter passband was between 0.03-300Hz.
The data was also gained by 10x.

About the data:
This is a seismic record. The instrument used to measure the seismic wave
(particle velocity) was a 24 GHz microwave vibrometer. The source was a 
hammer. The vibrometer was 1 m away from the source and suspended 10 cm 
above the ground. A geophone was placed next to the vibrometer. The 
point of this experiment was to see if the vibrometer was as sensitive 
to low frequencies as the geophone. The vibrometer triggered off of 
the geophone.

nx1=1000
dx1=10.0e-6 s
fx1=0.000 s
f=
-0.00429
-0.00421
-0.00403
-0.00455
-0.00428
-0.00384
-0.00396
-0.00441
-0.00394
-0.00369
-0.00366
-0.00471
-0.00429
-0.00444
-0.00405
-0.00372
-0.00401
-0.00358
-0.00337
-0.0033
-0.00376
-0.00333
-0.00328
-0.00406
-0.00329
-0.0036
-0.00352
-0.0034
-0.00352
-0.00334
-0.00323
-0.0033
-0.00305
-0.00318
-0.00335
-0.00327
-0.00343
-0.00298
-0.00292
-0.00301
-0.0028
-0.00306
-0.00352
-0.00327
-0.0028
-0.00281
-0.00289
-0.00287
-0.00261
-0.00291
-0.00251
-0.00271
-0.00256
-0.00254
-0.00211
-0.00184
-0.00225
-0.00207
-0.00207
-0.00211
-0.00204
-0.00257
-0.00273
-0.00245
-0.00234
-0.00197
-0.00194
-0.00208
-0.00174
-0.00169
-0.00146
-0.00198
-0.0019
-0.00174
-0.00197
-0.00141
-0.00182
-0.0019
-0.00125
-0.00156
-0.00141
-0.00184
-0.00155
-0.00151
-0.00143
-0.00142
-0.00151
-0.00119
-0.00098
-0.00141
-0.00092
-0.00135
-0.00139
-0.00102
-0.00098
-0.00037
-0.00113
-0.00108
-0.00097
-0.00091
-0.00066
-0.00146
-0.00146
-0.00085
-0.00085
-0.00059
-0.00127
7.03e-05
-0.00015
-0.00082
-0.00047
-0.00092
-0.00066
-0.00041
-0.00078
-0.00057
-0.0007
-0.00056
-7.8e-06
-0.00023
7.81e-05
-6.3e-05
-0.00026
3.91e-05
-0.00031
-0.00011
-0.00016
-0.00014
-3.9e-05
-0.00017
0.000164
0.000102
0.000148
2.34e-05
-8.6e-05
0.000336
0.000469
-7.8e-05
0.000656
-0.00044
0.000586
0.0005
0.000305
0.000492
0.000273
0.000977
0.000703
0.000914
0.001109
0.000734
0.000867
0.000648
0.001078
0.000703
0.00082
0.001297
0.001148
0.000797
0.001359
0.000578
0.001141
0.000289
0.000945
0.000812
0.001367
0.000937
0.001555
0.001086
0.001063
0.001305
0.001086
0.001148
0.001258
0.001141
0.001203
0.001383
0.00143
0.000719
0.001742
0.000969
0.001031
0.001422
0.001359
0.001883
0.002141
0.001789
0.001687
0.001852
0.001773
0.001578
0.001773
0.001703
0.001695
0.001984
0.001852
0.00193
0.001977
0.001336
0.002258
0.002195
0.002687
0.002375
0.001898
0.002391
0.002328
0.002352
0.002469
0.002219
0.002703
0.001969
0.002383
0.002336
0.002398
0.002523
0.002445
0.002266
0.002484
0.002477
0.002797
0.002437
0.002586
0.002906
0.00243
0.003234
0.002547
0.002836
0.002961
0.002437
0.00307
0.00275
0.003547
0.00318
0.002805
0.003438
0.003602
0.002875
0.003195
0.002742
0.003109
0.003211
0.003312
0.002859
0.003203
0.003445
0.00318
0.00332
0.003797
0.003234
0.003773
0.003469
0.003844
0.00375
0.003656
0.00375
0.003609
0.003508
0.004125
0.003563
0.003844
0.003883
0.004055
0.003508
0.003727
0.003289
0.003867
0.003828
0.003758
0.004352
0.004367
0.003703
0.004391
0.004016
0.004078
0.003984
0.003836
0.003977
0.004039
0.004234
0.004336
0.004375
0.003883
0.004539
0.004227
0.005055
0.004555
0.004836
0.00457
0.004562
0.004484
0.004672
0.004695
0.004367
0.004297
0.004641
0.004609
0.004383
0.00468
0.004758
0.005078
0.004562
0.004828
0.004727
0.005023
0.005031
0.005188
0.005352
0.005148
0.004789
0.004672
0.005102
0.004969
0.004938
0.004828
0.005008
0.005375
0.005719
0.005156
0.005469
0.005031
0.005492
0.005305
0.005094
0.005266
0.005242
0.005359
0.005523
0.005555
0.005461
0.005422
0.005531
0.0055
0.005289
0.006039
0.005227
0.005875
0.006016
0.005883
0.006047
0.005695
0.006289
0.005766
0.005484
0.005703
0.005492
0.005938
0.005711
0.005766
0.005914
0.005781
0.005977
0.006227
0.006211
0.006188
0.006109
0.006828
0.006313
0.006242
0.006188
0.005961
0.006352
0.006109
0.006164
0.006344
0.00607
0.006914
0.006766
0.006664
0.006641
0.006516
0.006758
0.006852
0.006547
0.006922
0.006344
0.006625
0.006547
0.006406
0.006789
0.006617
0.00668
0.006414
0.006117
0.006836
0.006336
0.006602
0.006672
0.007195
0.006687
0.007227
0.00682
0.006453
0.00657
0.007273
0.006828
0.007109
0.006781
0.007039
0.007273
0.006594
0.006922
0.007008
0.006484
0.007453
0.006789
0.007266
0.00743
0.007266
0.007445
0.006914
0.007172
0.007195
0.007133
0.007086
0.007156
0.007336
0.007445
0.007102
0.007617
0.007539
0.007234
0.007148
0.007664
0.007703
0.007336
0.007609
0.007289
0.007195
0.007687
0.007477
0.007578
0.007141
0.007547
0.007953
0.007727
0.007883
0.007867
0.007727
0.008164
0.007445
0.007484
0.007555
0.007625
0.008211
0.007875
0.00807
0.007867
0.007773
0.008281
0.008148
0.00793
0.007938
0.007672
0.008188
0.007734
0.008078
0.008078
0.007672
0.008328
0.008195
0.007977
0.008586
0.008141
0.008547
0.007906
0.00818
0.008648
0.00832
0.008375
0.008359
0.008469
0.00857
0.008016
0.008398
0.008453
0.008492
0.008328
0.008328
0.008539
0.0085
0.008414
0.008625
0.008484
0.008383
0.0085
0.008414
0.009062
0.008812
0.008867
0.008703
0.008578
0.008484
0.008523
0.00875
0.008477
0.008492
0.009086
0.008766
0.009211
0.009102
0.009062
0.009266
0.008891
0.009234
0.008797
0.009312
0.008812
0.008664
0.009234
0.00907
0.008914
0.008812
0.008789
0.009109
0.009055
0.008906
0.009148
0.008906
0.009367
0.009367
0.009211
0.009406
0.009656
0.009383
0.008727
0.009102
0.00925
0.009227
0.009477
0.009656
0.009445
0.008977
0.009266
0.009859
0.009758
0.009227
0.009352
0.009039
0.009844
0.00968
0.009141
0.009555
0.009273
0.009578
0.009273
0.009484
0.009602
0.00982
0.009961
0.009227
0.009437
0.009945
0.009383
0.009766
0.009359
0.009898
0.009813
0.009875
0.010141
0.010055
0.009375
0.009992
0.009953
0.01007
0.009891
0.010039
0.009516
0.00968
0.009898
0.009305
0.010008
0.010008
0.0095
0.00968
0.009797
0.009672
0.009797
0.009758
0.010039
0.009852
0.009555
0.010156
0.00968
0.009875
0.009664
0.009953
0.010148
0.009781
0.009875
0.010141
0.010258
0.010258
0.009984
0.009891
0.010344
0.010227
0.009898
0.00975
0.010086
0.009969
0.009508
0.010172
0.009805
0.009555
0.010328
0.010305
0.00982
0.009711
0.010125
0.009875
0.009984
0.010398
0.010336
0.010133
0.009922
0.010234
0.010156
0.010148
0.010031
0.010719
0.010055
0.010547
0.010266
0.010563
0.009797
0.010313
0.010055
0.010141
0.010234
0.010453
0.009984
0.010289
0.009609
0.010242
0.009859
0.010172
0.010289
0.010367
0.010336
0.010242
0.010195
0.010289
0.010266
0.010313
0.010313
0.010336
0.010398
0.010227
0.010406
0.010195
0.010055
0.010609
0.00993
0.010195
0.010586
0.010281
0.010234
0.010234
0.010117
0.010234
0.009859
0.010789
0.010172
0.010359
0.010273
0.010219
0.010242
0.01043
0.01018
0.010367
0.010398
0.010383
0.010258
0.01
0.010141
0.010375
0.009953
0.010055
0.010133
0.010563
0.009992
0.010695
0.01025
0.009945
0.010617
0.010078
0.010758
0.010578
0.010477
0.010414
0.010281
0.009945
0.010438
0.010094
0.010492
0.010148
0.010391
0.009969
0.010023
0.010484
0.010063
0.010391
0.01025
0.010203
0.010016
0.010203
0.010031
0.010375
0.010148
0.010328
0.010492
0.010414
0.010414
0.010461
0.01032
0.010203
0.010242
0.010219
0.010047
0.010117
0.010445
0.010477
0.010438
0.010094
0.010227
0.01
0.010125
0.010102
0.010102
0.010086
0.010672
0.010406
0.010156
0.010016
0.010188
0.009898
0.01032
0.01025
0.010078
0.010508
0.010297
0.010281
0.010047
0.010406
0.010336
0.010195
0.010094
0.010461
0.010211
0.010414
0.010383
0.010328
0.010234
0.009867
0.010383
0.010023
0.009977
0.010422
0.009969
0.010273
0.010211
0.010414
0.010445
0.010383
0.010344
0.00993
0.0105
0.010063
0.010383
0.010664
0.010406
0.010242
0.010352
0.010406
0.010438
0.010141
0.010234
0.010547
0.010391
0.010422
0.010492
0.010352
0.010148
0.01025
0.010328
0.010438
0.009859
0.010172
0.010352
0.010102
0.010156
0.010273
0.010164
0.010773
0.010211
0.010641
0.0105
0.01018
0.010664
0.010516
0.010672
0.010227
0.010203
0.010391
0.009813
0.01
0.010117
0.010367
0.009938
0.010539
0.010219
0.010297
0.010445
0.010258
0.01
0.010367
0.01007
0.010547
0.010328
0.010188
0.01057
0.01057
0.010367
0.010203
0.010242
0.010625
0.010328
0.010188
0.010641
0.010266
0.010281
0.010172
0.011016
0.010602
0.009891
0.010188
0.009938
0.010281
0.010531
0.010195
0.010883
0.010227
0.010516
0.010648
0.010594
0.010688
0.010289
0.010352
0.010344
0.010391
0.010203
0.010438
0.010648
0.010602
0.010453
0.010797
0.010469
0.010352
0.01025
0.010539
0.010641
0.010594
0.010398
0.010109
0.010266
0.010734
0.010305
0.01018
0.010531
0.010328
0.010586
0.010641
0.010375
0.010875
0.010344
0.010672
0.010648
0.010211
0.010586
0.01068
0.010086
0.010586
0.010211
0.010836
0.010617
0.010734
0.010453
0.010781
0.010961
0.010109
0.010812
0.010313
0.010789
0.010461
0.010172
0.010195
0.010563
0.010656
0.010953
0.010305
0.010742
0.010852
0.010844
0.010766
0.010398
0.010711
0.0105
0.010414
0.010781
0.010406
0.010703
0.010937
0.010367
0.010523
0.010438
0.01032
0.010633
0.010648
0.010937
0.010578
0.010898
0.010281
0.010281
0.010516
0.010711
0.010469
0.01057
0.010406
0.010937
0.010203
0.010867
0.010594
0.010375
0.010273
0.010203
0.009891
0.010531
0.010352
0.01043
0.009984
0.010539
0.010594
0.01093
0.010789
0.01043
0.010516
0.010422
0.010406
0.010469
0.010484
0.010508
0.010609
0.01082
0.010406
0.010234
0.010609
0.010727
0.010391
0.010156
0.010305
0.011062
0.010383
0.010828
0.011047
0.010422
0.011016
0.010609
0.011109
0.01068
0.010391
0.010844
0.010602
0.010625
0.010852
0.010336
0.010719
0.010859
0.010469
0.010703
0.010273
0.010586
0.011008
0.010758
0.011195
0.010625
0.010781
0.010836
0.010688
0.010969
0.010734
0.010672
0.011023
0.010398
0.010578
0.010102
0.010555
0.010961
0.010836
0.01118
0.010766
0.010898

