Hi Jen:

The first one is a transmission experiment in an ice core of 67 mm
diameter. The first peak is noise: it is the pulse that initializes
the recording. The second trace is the same as the first one, recorded
a few minutes later. The third one, is a noise measurement. There you
ONLY see that noise spike early.

One interesting thing would be to filter or window out the noise
spike.  Then, the first arrival would be the p-wave going through the
ice.

Let me know if you want more info on the data.

Kasper

PS the first column is time (s), the second amplitude of the particle 
velocity in ice. 


nx1=4096
dx1=40.0e-9 s
fx1=0.0 s
f=
0.000000000	+0.001221
0.000000040	-0.007324
0.000000080	-0.015380
0.000000120	-0.034423
0.000000160	-0.020019
0.000000200	+0.000977
0.000000240	-0.011474
0.000000280	-0.052001
0.000000320	-0.070068
0.000000360	-0.025878
0.000000400	-0.007568
0.000000440	-0.034667
0.000000480	-0.051513
0.000000520	-0.029541
0.000000560	+0.006348
0.000000600	+0.012452
0.000000640	-0.001464
0.000000680	-0.008789
0.000000720	+0.006348
0.000000760	+0.006104
0.000000800	-0.046386
0.000000840	-0.111572
0.000000880	-0.149414
0.000000920	-0.190673
0.000000960	-0.271972
0.000001000	-0.366210
0.000001040	-0.438964
0.000001080	-0.500000
0.000001120	-0.566894
0.000001160	-0.631591
0.000001200	-0.675292
0.000001240	-0.694824
0.000001280	-0.703125
0.000001320	-0.705078
0.000001360	-0.688964
0.000001400	-0.660400
0.000001440	-0.622314
0.000001480	-0.577392
0.000001520	-0.525878
0.000001560	-0.467773
0.000001600	-0.400634
0.000001640	-0.325439
0.000001680	-0.243408
0.000001720	-0.154541
0.000001760	-0.057373
0.000001800	+0.044434
0.000001840	+0.150635
0.000001880	+0.262696
0.000001920	+0.376709
0.000001960	+0.489747
0.000002000	+0.602295
0.000002040	+0.714112
0.000002080	+0.826661
0.000002120	+0.937256
0.000002160	+1.042969
0.000002200	+1.144532
0.000002240	+1.243897
0.000002280	+1.337891
0.000002320	+1.425293
0.000002360	+1.505860
0.000002400	+1.576661
0.000002440	+1.635987
0.000002480	+1.684327
0.000002520	+1.722168
0.000002560	+1.752686
0.000002600	+1.773926
0.000002640	+1.789551
0.000002680	+1.802247
0.000002720	+1.812745
0.000002760	+1.820801
0.000002800	+1.827637
0.000002840	+1.833497
0.000002880	+1.838624
0.000002920	+1.840088
0.000002960	+1.838135
0.000003000	+1.834717
0.000003040	+1.829102
0.000003080	+1.820557
0.000003120	+1.806885
0.000003160	+1.791016
0.000003200	+1.775879
0.000003240	+1.760987
0.000003280	+1.739747
0.000003320	+1.712403
0.000003360	+1.681885
0.000003400	+1.648438
0.000003440	+1.616211
0.000003480	+1.583497
0.000003520	+1.551514
0.000003560	+1.520264
0.000003600	+1.490723
0.000003640	+1.461426
0.000003680	+1.433350
0.000003720	+1.407715
0.000003760	+1.386231
0.000003800	+1.366700
0.000003840	+1.347657
0.000003880	+1.330079
0.000003920	+1.314209
0.000003960	+1.298096
0.000004000	+1.283448
0.000004040	+1.268311
0.000004080	+1.251709
0.000004120	+1.235840
0.000004160	+1.218018
0.000004200	+1.200196
0.000004240	+1.180420
0.000004280	+1.161377
0.000004320	+1.140870
0.000004360	+1.118409
0.000004400	+1.092774
0.000004440	+1.065674
0.000004480	+1.038575
0.000004520	+1.010987
0.000004560	+0.984375
0.000004600	+0.960694
0.000004640	+0.939698
0.000004680	+0.919678
0.000004720	+0.900391
0.000004760	+0.880127
0.000004800	+0.860840
0.000004840	+0.841797
0.000004880	+0.821534
0.000004920	+0.801758
0.000004960	+0.781983
0.000005000	+0.761475
0.000005040	+0.742676
0.000005080	+0.725098
0.000005120	+0.708497
0.000005160	+0.691407
0.000005200	+0.674317
0.000005240	+0.656983
0.000005280	+0.639161
0.000005320	+0.623536
0.000005360	+0.609375
0.000005400	+0.596680
0.000005440	+0.583985
0.000005480	+0.571778
0.000005520	+0.560059
0.000005560	+0.550049
0.000005600	+0.539795
0.000005640	+0.530762
0.000005680	+0.523194
0.000005720	+0.516602
0.000005760	+0.511963
0.000005800	+0.507081
0.000005840	+0.501465
0.000005880	+0.494874
0.000005920	+0.488038
0.000005960	+0.480469
0.000006000	+0.471192
0.000006040	+0.460694
0.000006080	+0.451905
0.000006120	+0.443360
0.000006160	+0.435547
0.000006200	+0.429688
0.000006240	+0.425049
0.000006280	+0.421387
0.000006320	+0.418458
0.000006360	+0.416260
0.000006400	+0.414307
0.000006440	+0.411133
0.000006480	+0.406495
0.000006520	+0.400635
0.000006560	+0.393067
0.000006600	+0.383545
0.000006640	+0.372071
0.000006680	+0.360108
0.000006720	+0.348145
0.000006760	+0.335694
0.000006800	+0.322510
0.000006840	+0.309327
0.000006880	+0.297608
0.000006920	+0.284913
0.000006960	+0.273194
0.000007000	+0.262208
0.000007040	+0.253174
0.000007080	+0.244629
0.000007120	+0.239014
0.000007160	+0.235840
0.000007200	+0.233155
0.000007240	+0.231202
0.000007280	+0.230225
0.000007320	+0.229981
0.000007360	+0.231690
0.000007400	+0.234620
0.000007440	+0.238282
0.000007480	+0.240967
0.000007520	+0.242432
0.000007560	+0.244629
0.000007600	+0.248292
0.000007640	+0.252686
0.000007680	+0.256592
0.000007720	+0.260254
0.000007760	+0.263428
0.000007800	+0.266114
0.000007840	+0.267334
0.000007880	+0.267090
0.000007920	+0.265381
0.000007960	+0.261719
0.000008000	+0.256836
0.000008040	+0.250733
0.000008080	+0.244629
0.000008120	+0.238038
0.000008160	+0.230225
0.000008200	+0.220948
0.000008240	+0.210938
0.000008280	+0.202393
0.000008320	+0.195069
0.000008360	+0.187989
0.000008400	+0.180909
0.000008440	+0.173584
0.000008480	+0.166993
0.000008520	+0.161866
0.000008560	+0.157959
0.000008600	+0.154786
0.000008640	+0.152588
0.000008680	+0.149659
0.000008720	+0.145264
0.000008760	+0.138917
0.000008800	+0.132813
0.000008840	+0.126954
0.000008880	+0.120362
0.000008920	+0.113526
0.000008960	+0.105469
0.000009000	+0.096192
0.000009040	+0.086182
0.000009080	+0.073975
0.000009120	+0.061280
0.000009160	+0.047852
0.000009200	+0.033204
0.000009240	+0.018799
0.000009280	+0.004395
0.000009320	-0.007080
0.000009360	-0.017333
0.000009400	-0.024658
0.000009440	-0.031494
0.000009480	-0.038330
0.000009520	-0.043945
0.000009560	-0.048828
0.000009600	-0.053222
0.000009640	-0.055908
0.000009680	-0.057373
0.000009720	-0.056884
0.000009760	-0.056640
0.000009800	-0.056640
0.000009840	-0.058105
0.000009880	-0.059570
0.000009920	-0.060546
0.000009960	-0.061279
0.000010000	-0.062744
0.000010040	-0.064208
0.000010080	-0.065673
0.000010120	-0.067382
0.000010160	-0.068603
0.000010200	-0.069580
0.000010240	-0.070312
0.000010280	-0.071044
0.000010320	-0.071533
0.000010360	-0.071533
0.000010400	-0.070800
0.000010440	-0.069824
0.000010480	-0.067871
0.000010520	-0.065917
0.000010560	-0.064941
0.000010600	-0.064208
0.000010640	-0.064697
0.000010680	-0.064941
0.000010720	-0.065185
0.000010760	-0.064697
0.000010800	-0.063720
0.000010840	-0.063964
0.000010880	-0.064941
0.000010920	-0.066162
0.000010960	-0.066894
0.000011000	-0.067382
0.000011040	-0.069091
0.000011080	-0.072265
0.000011120	-0.075195
0.000011160	-0.076660
0.000011200	-0.079101
0.000011240	-0.081787
0.000011280	-0.085693
0.000011320	-0.091064
0.000011360	-0.095214
0.000011400	-0.098388
0.000011440	-0.100341
0.000011480	-0.101806
0.000011520	-0.103515
0.000011560	-0.104248
0.000011600	-0.105468
0.000011640	-0.106445
0.000011680	-0.108154
0.000011720	-0.109375
0.000011760	-0.110351
0.000011800	-0.112060
0.000011840	-0.113525
0.000011880	-0.114501
0.000011920	-0.115234
0.000011960	-0.115722
0.000012000	-0.115234
0.000012040	-0.114501
0.000012080	-0.114501
0.000012120	-0.114257
0.000012160	-0.112548
0.000012200	-0.110351
0.000012240	-0.108398
0.000012280	-0.107177
0.000012320	-0.106689
0.000012360	-0.105957
0.000012400	-0.105224
0.000012440	-0.103027
0.000012480	-0.100585
0.000012520	-0.097656
0.000012560	-0.095214
0.000012600	-0.093017
0.000012640	-0.091796
0.000012680	-0.091552
0.000012720	-0.092529
0.000012760	-0.094238
0.000012800	-0.095458
0.000012840	-0.095214
0.000012880	-0.094970
0.000012920	-0.093505
0.000012960	-0.091552
0.000013000	-0.089111
0.000013040	-0.087158
0.000013080	-0.084472
0.000013120	-0.081054
0.000013160	-0.077148
0.000013200	-0.074462
0.000013240	-0.072265
0.000013280	-0.070556
0.000013320	-0.068359
0.000013360	-0.068603
0.000013400	-0.070312
0.000013440	-0.072753
0.000013480	-0.076416
0.000013520	-0.079589
0.000013560	-0.082519
0.000013600	-0.085449
0.000013640	-0.088134
0.000013680	-0.092041
0.000013720	-0.096679
0.000013760	-0.100830
0.000013800	-0.106201
0.000013840	-0.111816
0.000013880	-0.118164
0.000013920	-0.124511
0.000013960	-0.131347
0.000014000	-0.136962
0.000014040	-0.142333
0.000014080	-0.146728
0.000014120	-0.149169
0.000014160	-0.149902
0.000014200	-0.148681
0.000014240	-0.147705
0.000014280	-0.146972
0.000014320	-0.146240
0.000014360	-0.144042
0.000014400	-0.140625
0.000014440	-0.137939
0.000014480	-0.135986
0.000014520	-0.135009
0.000014560	-0.134521
0.000014600	-0.134765
0.000014640	-0.135253
0.000014680	-0.135742
0.000014720	-0.135986
0.000014760	-0.137695
0.000014800	-0.140625
0.000014840	-0.143798
0.000014880	-0.146728
0.000014920	-0.149169
0.000014960	-0.151855
0.000015000	-0.153076
0.000015040	-0.152832
0.000015080	-0.150878
0.000015120	-0.147949
0.000015160	-0.145751
0.000015200	-0.144042
0.000015240	-0.142822
0.000015280	-0.142333
0.000015320	-0.143798
0.000015360	-0.147705
0.000015400	-0.153076
0.000015440	-0.160888
0.000015480	-0.169189
0.000015520	-0.177978
0.000015560	-0.187255
0.000015600	-0.196289
0.000015640	-0.205078
0.000015680	-0.212890
0.000015720	-0.219482
0.000015760	-0.224365
0.000015800	-0.226806
0.000015840	-0.228027
0.000015880	-0.228759
0.000015920	-0.228027
0.000015960	-0.226074
0.000016000	-0.222900
0.000016040	-0.217773
0.000016080	-0.210693
0.000016120	-0.203125
0.000016160	-0.196044
0.000016200	-0.188964
0.000016240	-0.181884
0.000016280	-0.175292
0.000016320	-0.170410
0.000016360	-0.166748
0.000016400	-0.163818
0.000016440	-0.162353
0.000016480	-0.162109
0.000016520	-0.162841
0.000016560	-0.164550
0.000016600	-0.166992
0.000016640	-0.168701
0.000016680	-0.169433
0.000016720	-0.168945
0.000016760	-0.167968
0.000016800	-0.166015
0.000016840	-0.163330
0.000016880	-0.159667
0.000016920	-0.155517
0.000016960	-0.151611
0.000017000	-0.149169
0.000017040	-0.147705
0.000017080	-0.146240
0.000017120	-0.144287
0.000017160	-0.143554
0.000017200	-0.143066
0.000017240	-0.143310
0.000017280	-0.144287
0.000017320	-0.145019
0.000017360	-0.146484
0.000017400	-0.149902
0.000017440	-0.153564
0.000017480	-0.156494
0.000017520	-0.160644
0.000017560	-0.165283
0.000017600	-0.168457
0.000017640	-0.169921
0.000017680	-0.170410
0.000017720	-0.169677
0.000017760	-0.169189
0.000017800	-0.169433
0.000017840	-0.170654
0.000017880	-0.173339
0.000017920	-0.178222
0.000017960	-0.183349
0.000018000	-0.187744
0.000018040	-0.192138
0.000018080	-0.198242
0.000018120	-0.205322
0.000018160	-0.212646
0.000018200	-0.219482
0.000018240	-0.226318
0.000018280	-0.231933
0.000018320	-0.234863
0.000018360	-0.236083
0.000018400	-0.236816
0.000018440	-0.235351
0.000018480	-0.232421
0.000018520	-0.228759
0.000018560	-0.224853
0.000018600	-0.220703
0.000018640	-0.217773
0.000018680	-0.216064
0.000018720	-0.214843
0.000018760	-0.217285
0.000018800	-0.224365
0.000018840	-0.236328
0.000018880	-0.253173
0.000018920	-0.275878
0.000018960	-0.304687
0.000019000	-0.340087
0.000019040	-0.380615
0.000019080	-0.425292
0.000019120	-0.470703
0.000019160	-0.517089
0.000019200	-0.563964
0.000019240	-0.609130
0.000019280	-0.650634
0.000019320	-0.687011
0.000019360	-0.718994
0.000019400	-0.745361
0.000019440	-0.767578
0.000019480	-0.786132
0.000019520	-0.800048
0.000019560	-0.808837
0.000019600	-0.811035
0.000019640	-0.809570
0.000019680	-0.805175
0.000019720	-0.798095
0.000019760	-0.789306
0.000019800	-0.779541
0.000019840	-0.768310
0.000019880	-0.755615
0.000019920	-0.742187
0.000019960	-0.728759
0.000020000	-0.715332
0.000020040	-0.702148
0.000020080	-0.687255
0.000020120	-0.671142
0.000020160	-0.652587
0.000020200	-0.632324
0.000020240	-0.609619
0.000020280	-0.584960
0.000020320	-0.558837
0.000020360	-0.531738
0.000020400	-0.504150
0.000020440	-0.475585
0.000020480	-0.443603
0.000020520	-0.407714
0.000020560	-0.368652
0.000020600	-0.326660
0.000020640	-0.282958
0.000020680	-0.237548
0.000020720	-0.190429
0.000020760	-0.143066
0.000020800	-0.098144
0.000020840	-0.055175
0.000020880	-0.013671
0.000020920	+0.025391
0.000020960	+0.063233
0.000021000	+0.099854
0.000021040	+0.135499
0.000021080	+0.170167
0.000021120	+0.204590
0.000021160	+0.239502
0.000021200	+0.273926
0.000021240	+0.308594
0.000021280	+0.343018
0.000021320	+0.377930
0.000021360	+0.412842
0.000021400	+0.448243
0.000021440	+0.483399
0.000021480	+0.518799
0.000021520	+0.552979
0.000021560	+0.584473
0.000021600	+0.613526
0.000021640	+0.641602
0.000021680	+0.667481
0.000021720	+0.693116
0.000021760	+0.716797
0.000021800	+0.739502
0.000021840	+0.760987
0.000021880	+0.782227
0.000021920	+0.802491
0.000021960	+0.821534
0.000022000	+0.838379
0.000022040	+0.852540
0.000022080	+0.864502
0.000022120	+0.873047
0.000022160	+0.877686
0.000022200	+0.879639
0.000022240	+0.877442
0.000022280	+0.872071
0.000022320	+0.865479
0.000022360	+0.859131
0.000022400	+0.851807
0.000022440	+0.844727
0.000022480	+0.838379
0.000022520	+0.832032
0.000022560	+0.823975
0.000022600	+0.815674
0.000022640	+0.805420
0.000022680	+0.793458
0.000022720	+0.780274
0.000022760	+0.765381
0.000022800	+0.749512
0.000022840	+0.731934
0.000022880	+0.713624
0.000022920	+0.695069
0.000022960	+0.675538
0.000023000	+0.654542
0.000023040	+0.632813
0.000023080	+0.609375
0.000023120	+0.585694
0.000023160	+0.561280
0.000023200	+0.536133
0.000023240	+0.509766
0.000023280	+0.482178
0.000023320	+0.454102
0.000023360	+0.426758
0.000023400	+0.401856
0.000023440	+0.379639
0.000023480	+0.360352
0.000023520	+0.343506
0.000023560	+0.329102
0.000023600	+0.316407
0.000023640	+0.306641
0.000023680	+0.299561
0.000023720	+0.294434
0.000023760	+0.291993
0.000023800	+0.290528
0.000023840	+0.289307
0.000023880	+0.286866
0.000023920	+0.282959
0.000023960	+0.276612
0.000024000	+0.269776
0.000024040	+0.262696
0.000024080	+0.255372
0.000024120	+0.248292
0.000024160	+0.239991
0.000024200	+0.231446
0.000024240	+0.221924
0.000024280	+0.212403
0.000024320	+0.203125
0.000024360	+0.193604
0.000024400	+0.184571
0.000024440	+0.176270
0.000024480	+0.168702
0.000024520	+0.162598
0.000024560	+0.158936
0.000024600	+0.157227
0.000024640	+0.158204
0.000024680	+0.160645
0.000024720	+0.163575
0.000024760	+0.165284
0.000024800	+0.165284
0.000024840	+0.163575
0.000024880	+0.160157
0.000024920	+0.155274
0.000024960	+0.150635
0.000025000	+0.145020
0.000025040	+0.138428
0.000025080	+0.128663
0.000025120	+0.117188
0.000025160	+0.102784
0.000025200	+0.086915
0.000025240	+0.068848
0.000025280	+0.050293
0.000025320	+0.031739
0.000025360	+0.015137
0.000025400	+0.000489
0.000025440	-0.012451
0.000025480	-0.022949
0.000025520	-0.031738
0.000025560	-0.038818
0.000025600	-0.043945
0.000025640	-0.048583
0.000025680	-0.052490
0.000025720	-0.054199
0.000025760	-0.055908
0.000025800	-0.056152
0.000025840	-0.055419
0.000025880	-0.054931
0.000025920	-0.053222
0.000025960	-0.051025
0.000026000	-0.048828
0.000026040	-0.046875
0.000026080	-0.047119
0.000026120	-0.048339
0.000026160	-0.050781
0.000026200	-0.054687
0.000026240	-0.060302
0.000026280	-0.066162
0.000026320	-0.072753
0.000026360	-0.080810
0.000026400	-0.088867
0.000026440	-0.097167
0.000026480	-0.105957
0.000026520	-0.114990
0.000026560	-0.123291
0.000026600	-0.132080
0.000026640	-0.141601
0.000026680	-0.151123
0.000026720	-0.161132
0.000026760	-0.171142
0.000026800	-0.181640
0.000026840	-0.193359
0.000026880	-0.207519
0.000026920	-0.223388
0.000026960	-0.239990
0.000027000	-0.258300
0.000027040	-0.278564
0.000027080	-0.301513
0.000027120	-0.328125
0.000027160	-0.356933
0.000027200	-0.387939
0.000027240	-0.421630
0.000027280	-0.457031
0.000027320	-0.494628
0.000027360	-0.534667
0.000027400	-0.575195
0.000027440	-0.614746
0.000027480	-0.653320
0.000027520	-0.690917
0.000027560	-0.726806
0.000027600	-0.760498
0.000027640	-0.791259
0.000027680	-0.819824
0.000027720	-0.844726
0.000027760	-0.867675
0.000027800	-0.887451
0.000027840	-0.905029
0.000027880	-0.919433
0.000027920	-0.932373
0.000027960	-0.941894
0.000028000	-0.949462
0.000028040	-0.953857
0.000028080	-0.956298
0.000028120	-0.958251
0.000028160	-0.958740
0.000028200	-0.956787
0.000028240	-0.953369
0.000028280	-0.949218
0.000028320	-0.944580
0.000028360	-0.940673
0.000028400	-0.938232
0.000028440	-0.936767
0.000028480	-0.937744
0.000028520	-0.938720
0.000028560	-0.939208
0.000028600	-0.941894
0.000028640	-0.945068
0.000028680	-0.949707
0.000028720	-0.954589
0.000028760	-0.961181
0.000028800	-0.967285
0.000028840	-0.972900
0.000028880	-0.980224
0.000028920	-0.987792
0.000028960	-0.995117
0.000029000	-1.001708
0.000029040	-1.008789
0.000029080	-1.016113
0.000029120	-1.024169
0.000029160	-1.030761
0.000029200	-1.037841
0.000029240	-1.044921
0.000029280	-1.050292
0.000029320	-1.054443
0.000029360	-1.056640
0.000029400	-1.057617
0.000029440	-1.055419
0.000029480	-1.051025
0.000029520	-1.044189
0.000029560	-1.035156
0.000029600	-1.022705
0.000029640	-1.008056
0.000029680	-0.992675
0.000029720	-0.977294
0.000029760	-0.961914
0.000029800	-0.947753
0.000029840	-0.935546
0.000029880	-0.926513
0.000029920	-0.919189
0.000029960	-0.914306
0.000030000	-0.910644
0.000030040	-0.908935
0.000030080	-0.908691
0.000030120	-0.909179
0.000030160	-0.912353
0.000030200	-0.918701
0.000030240	-0.927490
0.000030280	-0.938720
0.000030320	-0.955322
0.000030360	-0.973388
0.000030400	-0.995605
0.000030440	-1.020507
0.000030480	-1.047851
0.000030520	-1.076171
0.000030560	-1.105224
0.000030600	-1.134277
0.000030640	-1.163330
0.000030680	-1.191162
0.000030720	-1.216552
0.000030760	-1.239746
0.000030800	-1.260986
0.000030840	-1.278564
0.000030880	-1.292724
0.000030920	-1.306396
0.000030960	-1.319335
0.000031000	-1.332031
0.000031040	-1.344970
0.000031080	-1.357421
0.000031120	-1.367187
0.000031160	-1.375732
0.000031200	-1.383056
0.000031240	-1.387451
0.000031280	-1.387695
0.000031320	-1.382568
0.000031360	-1.372314
0.000031400	-1.359619
0.000031440	-1.343750
0.000031480	-1.324462
0.000031520	-1.302978
0.000031560	-1.279052
0.000031600	-1.253662
0.000031640	-1.228027
0.000031680	-1.204101
0.000031720	-1.181152
0.000031760	-1.157958
0.000031800	-1.133544
0.000031840	-1.108886
0.000031880	-1.085205
0.000031920	-1.062255
0.000031960	-1.038574
0.000032000	-1.012451
0.000032040	-0.984619
0.000032080	-0.956298
0.000032120	-0.926269
0.000032160	-0.895019
0.000032200	-0.862792
0.000032240	-0.830322
0.000032280	-0.796386
0.000032320	-0.761718
0.000032360	-0.726806
0.000032400	-0.692382
0.000032440	-0.658691
0.000032480	-0.628906
0.000032520	-0.601318
0.000032560	-0.575195
0.000032600	-0.551513
0.000032640	-0.530029
0.000032680	-0.511230
0.000032720	-0.494384
0.000032760	-0.479248
0.000032800	-0.466552
0.000032840	-0.456298
0.000032880	-0.447021
0.000032920	-0.438964
0.000032960	-0.431152
0.000033000	-0.424804
0.000033040	-0.419921
0.000033080	-0.415039
0.000033120	-0.410156
0.000033160	-0.404785
0.000033200	-0.396972
0.000033240	-0.387451
0.000033280	-0.377197
0.000033320	-0.365966
0.000033360	-0.353271
0.000033400	-0.340087
0.000033440	-0.326904
0.000033480	-0.312011
0.000033520	-0.296386
0.000033560	-0.280517
0.000033600	-0.264892
0.000033640	-0.251708
0.000033680	-0.239013
0.000033720	-0.226806
0.000033760	-0.214355
0.000033800	-0.202148
0.000033840	-0.191650
0.000033880	-0.180419
0.000033920	-0.168945
0.000033960	-0.156005
0.000034000	-0.141601
0.000034040	-0.125488
0.000034080	-0.107666
0.000034120	-0.089599
0.000034160	-0.072753
0.000034200	-0.055664
0.000034240	-0.038085
0.000034280	-0.021240
0.000034320	-0.005859
0.000034360	+0.008057
0.000034400	+0.020752
0.000034440	+0.032715
0.000034480	+0.043213
0.000034520	+0.051758
0.000034560	+0.058838
0.000034600	+0.066895
0.000034640	+0.075440
0.000034680	+0.084229
0.000034720	+0.092530
0.000034760	+0.101319
0.000034800	+0.112793
0.000034840	+0.130127
0.000034880	+0.153321
0.000034920	+0.182129
0.000034960	+0.216065
0.000035000	+0.255616
0.000035040	+0.300538
0.000035080	+0.349122
0.000035120	+0.402344
0.000035160	+0.458497
0.000035200	+0.516358
0.000035240	+0.571534
0.000035280	+0.624512
0.000035320	+0.674317
0.000035360	+0.719727
0.000035400	+0.757325
0.000035440	+0.786377
0.000035480	+0.806885
0.000035520	+0.815430
0.000035560	+0.812989
0.000035600	+0.801514
0.000035640	+0.781006
0.000035680	+0.751954
0.000035720	+0.714600
0.000035760	+0.670167
0.000035800	+0.619874
0.000035840	+0.564698
0.000035880	+0.505127
0.000035920	+0.443848
0.000035960	+0.382569
0.000036000	+0.321778
0.000036040	+0.263184
0.000036080	+0.208497
0.000036120	+0.157471
0.000036160	+0.111084
0.000036200	+0.069825
0.000036240	+0.031495
0.000036280	-0.003906
0.000036320	-0.036132
0.000036360	-0.063964
0.000036400	-0.090087
0.000036440	-0.114990
0.000036480	-0.139892
0.000036520	-0.163818
0.000036560	-0.188476
0.000036600	-0.214111
0.000036640	-0.241699
0.000036680	-0.271240
0.000036720	-0.300781
0.000036760	-0.330078
0.000036800	-0.358154
0.000036840	-0.383544
0.000036880	-0.404541
0.000036920	-0.420654
0.000036960	-0.432617
0.000037000	-0.439453
0.000037040	-0.438964
0.000037080	-0.432128
0.000037120	-0.418701
0.000037160	-0.399658
0.000037200	-0.375976
0.000037240	-0.347656
0.000037280	-0.316406
0.000037320	-0.282226
0.000037360	-0.248046
0.000037400	-0.213134
0.000037440	-0.177246
0.000037480	-0.142089
0.000037520	-0.106933
0.000037560	-0.072021
0.000037600	-0.038330
0.000037640	-0.006591
0.000037680	+0.021973
0.000037720	+0.048096
0.000037760	+0.070557
0.000037800	+0.088868
0.000037840	+0.102540
0.000037880	+0.112061
0.000037920	+0.116211
0.000037960	+0.117676
0.000038000	+0.117432
0.000038040	+0.113770
0.000038080	+0.107911
0.000038120	+0.100342
0.000038160	+0.090577
0.000038200	+0.079346
0.000038240	+0.066407
0.000038280	+0.050049
0.000038320	+0.029053
0.000038360	+0.003907
0.000038400	-0.023193
0.000038440	-0.051757
0.000038480	-0.081542
0.000038520	-0.112304
0.000038560	-0.142578
0.000038600	-0.172119
0.000038640	-0.199218
0.000038680	-0.222412
0.000038720	-0.240722
0.000038760	-0.255126
0.000038800	-0.265869
0.000038840	-0.272705
0.000038880	-0.276123
0.000038920	-0.276123
0.000038960	-0.274169
0.000039000	-0.270751
0.000039040	-0.266113
0.000039080	-0.259033
0.000039120	-0.248779
0.000039160	-0.236816
0.000039200	-0.222656
0.000039240	-0.205566
0.000039280	-0.186279
0.000039320	-0.162597
0.000039360	-0.135009
0.000039400	-0.103759
0.000039440	-0.069824
0.000039480	-0.033691
0.000039520	+0.002930
0.000039560	+0.039551
0.000039600	+0.075684
0.000039640	+0.109131
0.000039680	+0.139649
0.000039720	+0.166504
0.000039760	+0.189942
0.000039800	+0.209961
0.000039840	+0.226075
0.000039880	+0.238770
0.000039920	+0.247071
0.000039960	+0.251954
0.000040000	+0.252686
0.000040040	+0.250245
0.000040080	+0.245850
0.000040120	+0.240967
0.000040160	+0.235108
0.000040200	+0.229004
0.000040240	+0.224122
0.000040280	+0.220215
0.000040320	+0.218018
0.000040360	+0.217774
0.000040400	+0.219239
0.000040440	+0.221680
0.000040480	+0.225342
0.000040520	+0.229737
0.000040560	+0.234864
0.000040600	+0.242188
0.000040640	+0.252442
0.000040680	+0.265870
0.000040720	+0.282715
0.000040760	+0.303467
0.000040800	+0.325684
0.000040840	+0.352051
0.000040880	+0.383545
0.000040920	+0.419434
0.000040960	+0.460694
0.000041000	+0.507081
0.000041040	+0.558350
0.000041080	+0.612061
0.000041120	+0.666504
0.000041160	+0.721192
0.000041200	+0.774415
0.000041240	+0.825440
0.000041280	+0.871583
0.000041320	+0.912110
0.000041360	+0.945313
0.000041400	+0.967530
0.000041440	+0.980225
0.000041480	+0.981446
0.000041520	+0.972657
0.000041560	+0.956299
0.000041600	+0.931397
0.000041640	+0.899415
0.000041680	+0.863038
0.000041720	+0.822022
0.000041760	+0.778809
0.000041800	+0.732422
0.000041840	+0.684327
0.000041880	+0.636475
0.000041920	+0.589844
0.000041960	+0.543946
0.000042000	+0.500000
0.000042040	+0.458252
0.000042080	+0.420655
0.000042120	+0.385254
0.000042160	+0.353272
0.000042200	+0.323243
0.000042240	+0.296387
0.000042280	+0.271973
0.000042320	+0.249024
0.000042360	+0.227051
0.000042400	+0.203125
0.000042440	+0.176270
0.000042480	+0.147217
0.000042520	+0.115723
0.000042560	+0.081299
0.000042600	+0.043702
0.000042640	+0.004395
0.000042680	-0.035400
0.000042720	-0.077636
0.000042760	-0.121582
0.000042800	-0.166992
0.000042840	-0.213623
0.000042880	-0.261962
0.000042920	-0.312011
0.000042960	-0.363281
0.000043000	-0.415771
0.000043040	-0.468505
0.000043080	-0.521484
0.000043120	-0.573974
0.000043160	-0.625976
0.000043200	-0.678710
0.000043240	-0.731201
0.000043280	-0.783447
0.000043320	-0.834228
0.000043360	-0.885009
0.000043400	-0.936523
0.000043440	-0.989501
0.000043480	-1.042236
0.000043520	-1.093994
0.000043560	-1.143554
0.000043600	-1.190429
0.000043640	-1.232910
0.000043680	-1.273437
0.000043720	-1.310546
0.000043760	-1.343017
0.000043800	-1.371826
0.000043840	-1.396972
0.000043880	-1.416503
0.000043920	-1.428710
0.000043960	-1.435546
0.000044000	-1.437988
0.000044040	-1.435058
0.000044080	-1.425048
0.000044120	-1.407714
0.000044160	-1.381591
0.000044200	-1.348144
0.000044240	-1.306640
0.000044280	-1.256103
0.000044320	-1.196777
0.000044360	-1.129882
0.000044400	-1.056396
0.000044440	-0.976562
0.000044480	-0.892089
0.000044520	-0.806152
0.000044560	-0.721191
0.000044600	-0.638183
0.000044640	-0.559326
0.000044680	-0.482910
0.000044720	-0.411621
0.000044760	-0.346679
0.000044800	-0.287353
0.000044840	-0.234375
0.000044880	-0.187255
0.000044920	-0.143554
0.000044960	-0.102539
0.000045000	-0.064208
0.000045040	-0.027099
0.000045080	+0.009522
0.000045120	+0.045411
0.000045160	+0.079346
0.000045200	+0.112305
0.000045240	+0.145997
0.000045280	+0.179932
0.000045320	+0.213868
0.000045360	+0.248047
0.000045400	+0.281983
0.000045440	+0.316163
0.000045480	+0.350831
0.000045520	+0.385010
0.000045560	+0.419434
0.000045600	+0.454102
0.000045640	+0.489502
0.000045680	+0.524170
0.000045720	+0.558106
0.000045760	+0.590577
0.000045800	+0.621827
0.000045840	+0.651368
0.000045880	+0.679200
0.000045920	+0.704590
0.000045960	+0.726807
0.000046000	+0.745850
0.000046040	+0.761963
0.000046080	+0.775147
0.000046120	+0.785401
0.000046160	+0.792725
0.000046200	+0.796387
0.000046240	+0.798584
0.000046280	+0.799317
0.000046320	+0.798096
0.000046360	+0.793458
0.000046400	+0.786133
0.000046440	+0.775147
0.000046480	+0.760010
0.000046520	+0.740723
0.000046560	+0.716797
0.000046600	+0.688965
0.000046640	+0.657715
0.000046680	+0.623780
0.000046720	+0.587403
0.000046760	+0.550049
0.000046800	+0.512208
0.000046840	+0.474366
0.000046880	+0.436280
0.000046920	+0.400635
0.000046960	+0.366211
0.000047000	+0.334473
0.000047040	+0.305665
0.000047080	+0.279542
0.000047120	+0.257325
0.000047160	+0.238526
0.000047200	+0.219971
0.000047240	+0.203370
0.000047280	+0.189942
0.000047320	+0.180176
0.000047360	+0.173829
0.000047400	+0.170411
0.000047440	+0.169190
0.000047480	+0.170411
0.000047520	+0.174805
0.000047560	+0.183350
0.000047600	+0.195069
0.000047640	+0.208497
0.000047680	+0.223877
0.000047720	+0.241944
0.000047760	+0.261963
0.000047800	+0.282959
0.000047840	+0.302491
0.000047880	+0.321534
0.000047920	+0.340577
0.000047960	+0.360352
0.000048000	+0.377198
0.000048040	+0.390625
0.000048080	+0.399903
0.000048120	+0.404297
0.000048160	+0.404053
0.000048200	+0.397950
0.000048240	+0.386231
0.000048280	+0.368897
0.000048320	+0.346436
0.000048360	+0.317139
0.000048400	+0.281250
0.000048440	+0.240967
0.000048480	+0.197754
0.000048520	+0.151612
0.000048560	+0.103516
0.000048600	+0.054688
0.000048640	+0.005372
0.000048680	-0.042236
0.000048720	-0.088623
0.000048760	-0.132324
0.000048800	-0.172607
0.000048840	-0.208740
0.000048880	-0.239746
0.000048920	-0.264892
0.000048960	-0.285888
0.000049000	-0.303466
0.000049040	-0.319091
0.000049080	-0.330078
0.000049120	-0.337890
0.000049160	-0.344726
0.000049200	-0.352294
0.000049240	-0.360107
0.000049280	-0.367675
0.000049320	-0.375732
0.000049360	-0.385253
0.000049400	-0.396972
0.000049440	-0.409912
0.000049480	-0.423583
0.000049520	-0.437988
0.000049560	-0.452148
0.000049600	-0.465820
0.000049640	-0.479003
0.000049680	-0.490722
0.000049720	-0.502929
0.000049760	-0.513671
0.000049800	-0.522216
0.000049840	-0.525634
0.000049880	-0.522460
0.000049920	-0.513183
0.000049960	-0.497558
0.000050000	-0.472656
0.000050040	-0.438232
0.000050080	-0.396240
0.000050120	-0.346679
0.000050160	-0.291015
0.000050200	-0.231201
0.000050240	-0.167236
0.000050280	-0.100830
0.000050320	-0.033203
0.000050360	+0.033692
0.000050400	+0.100586
0.000050440	+0.165284
0.000050480	+0.225342
0.000050520	+0.279786
0.000050560	+0.328858
0.000050600	+0.373047
0.000050640	+0.409913
0.000050680	+0.440186
0.000050720	+0.463379
0.000050760	+0.479981
0.000050800	+0.489502
0.000050840	+0.491944
0.000050880	+0.488038
0.000050920	+0.477784
0.000050960	+0.462891
0.000051000	+0.441651
0.000051040	+0.416016
0.000051080	+0.385743
0.000051120	+0.351319
0.000051160	+0.313233
0.000051200	+0.272461
0.000051240	+0.228516
0.000051280	+0.182374
0.000051320	+0.132569
0.000051360	+0.081788
0.000051400	+0.031983
0.000051440	-0.015869
0.000051480	-0.061523
0.000051520	-0.104980
0.000051560	-0.144775
0.000051600	-0.179687
0.000051640	-0.207275
0.000051680	-0.228515
0.000051720	-0.242919
0.000051760	-0.250244
0.000051800	-0.251464
0.000051840	-0.246337
0.000051880	-0.236572
0.000051920	-0.222656
0.000051960	-0.204833
0.000052000	-0.183349
0.000052040	-0.157470
0.000052080	-0.129394
0.000052120	-0.100341
0.000052160	-0.070312
0.000052200	-0.040039
0.000052240	-0.010742
0.000052280	+0.016358
0.000052320	+0.042969
0.000052360	+0.068116
0.000052400	+0.091553
0.000052440	+0.112305
0.000052480	+0.129639
0.000052520	+0.142823
0.000052560	+0.152588
0.000052600	+0.158936
0.000052640	+0.161866
0.000052680	+0.162110
0.000052720	+0.161133
0.000052760	+0.157959
0.000052800	+0.153565
0.000052840	+0.147706
0.000052880	+0.140381
0.000052920	+0.131592
0.000052960	+0.122315
0.000053000	+0.112305
0.000053040	+0.103028
0.000053080	+0.094971
0.000053120	+0.088624
0.000053160	+0.084229
0.000053200	+0.082032
0.000053240	+0.081299
0.000053280	+0.081299
0.000053320	+0.081299
0.000053360	+0.080323
0.000053400	+0.078614
0.000053440	+0.077637
0.000053480	+0.076661
0.000053520	+0.076417
0.000053560	+0.074708
0.000053600	+0.073731
0.000053640	+0.075196
0.000053680	+0.077393
0.000053720	+0.081299
0.000053760	+0.086426
0.000053800	+0.093750
0.000053840	+0.103028
0.000053880	+0.113282
0.000053920	+0.123780
0.000053960	+0.133545
0.000054000	+0.143799
0.000054040	+0.153809
0.000054080	+0.162354
0.000054120	+0.169922
0.000054160	+0.175293
0.000054200	+0.177979
0.000054240	+0.178956
0.000054280	+0.177735
0.000054320	+0.174317
0.000054360	+0.169922
0.000054400	+0.163819
0.000054440	+0.157471
0.000054480	+0.151612
0.000054520	+0.145020
0.000054560	+0.136475
0.000054600	+0.125977
0.000054640	+0.114991
0.000054680	+0.102540
0.000054720	+0.088379
0.000054760	+0.072754
0.000054800	+0.055176
0.000054840	+0.034913
0.000054880	+0.012940
0.000054920	-0.010498
0.000054960	-0.035644
0.000055000	-0.062011
0.000055040	-0.089843
0.000055080	-0.118164
0.000055120	-0.148193
0.000055160	-0.179687
0.000055200	-0.210693
0.000055240	-0.240478
0.000055280	-0.267578
0.000055320	-0.290771
0.000055360	-0.310058
0.000055400	-0.326171
0.000055440	-0.338134
0.000055480	-0.344482
0.000055520	-0.346923
0.000055560	-0.346679
0.000055600	-0.342529
0.000055640	-0.334716
0.000055680	-0.324707
0.000055720	-0.312744
0.000055760	-0.299560
0.000055800	-0.286132
0.000055840	-0.270996
0.000055880	-0.257324
0.000055920	-0.244873
0.000055960	-0.235107
0.000056000	-0.227539
0.000056040	-0.220947
0.000056080	-0.216064
0.000056120	-0.213378
0.000056160	-0.213134
0.000056200	-0.214843
0.000056240	-0.216796
0.000056280	-0.219726
0.000056320	-0.221923
0.000056360	-0.221191
0.000056400	-0.218750
0.000056440	-0.216064
0.000056480	-0.212158
0.000056520	-0.206054
0.000056560	-0.197021
0.000056600	-0.186523
0.000056640	-0.175048
0.000056680	-0.163085
0.000056720	-0.150146
0.000056760	-0.134765
0.000056800	-0.117675
0.000056840	-0.097900
0.000056880	-0.074707
0.000056920	-0.048828
0.000056960	-0.020507
0.000057000	+0.010010
0.000057040	+0.043213
0.000057080	+0.078858
0.000057120	+0.116700
0.000057160	+0.155518
0.000057200	+0.194092
0.000057240	+0.231690
0.000057280	+0.267823
0.000057320	+0.301270
0.000057360	+0.331543
0.000057400	+0.358887
0.000057440	+0.384278
0.000057480	+0.408204
0.000057520	+0.429200
0.000057560	+0.448243
0.000057600	+0.465333
0.000057640	+0.479981
0.000057680	+0.490967
0.000057720	+0.498536
0.000057760	+0.500245
0.000057800	+0.494629
0.000057840	+0.482911
0.000057880	+0.465088
0.000057920	+0.442627
0.000057960	+0.415772
0.000058000	+0.384766
0.000058040	+0.351563
0.000058080	+0.316651
0.000058120	+0.280762
0.000058160	+0.243165
0.000058200	+0.204346
0.000058240	+0.165284
0.000058280	+0.126465
0.000058320	+0.088379
0.000058360	+0.051270
0.000058400	+0.015137
0.000058440	-0.020263
0.000058480	-0.055664
0.000058520	-0.090820
0.000058560	-0.125244
0.000058600	-0.159667
0.000058640	-0.195068
0.000058680	-0.229980
0.000058720	-0.263916
0.000058760	-0.296875
0.000058800	-0.328125
0.000058840	-0.356933
0.000058880	-0.383300
0.000058920	-0.407226
0.000058960	-0.426269
0.000059000	-0.440673
0.000059040	-0.451416
0.000059080	-0.457763
0.000059120	-0.460449
0.000059160	-0.457275
0.000059200	-0.449462
0.000059240	-0.436767
0.000059280	-0.419189
0.000059320	-0.398925
0.000059360	-0.375976
0.000059400	-0.349853
0.000059440	-0.321777
0.000059480	-0.292236
0.000059520	-0.262207
0.000059560	-0.232421
0.000059600	-0.202636
0.000059640	-0.175292
0.000059680	-0.148925
0.000059720	-0.124267
0.000059760	-0.101562
0.000059800	-0.079833
0.000059840	-0.058593
0.000059880	-0.036865
0.000059920	-0.013671
0.000059960	+0.010010
0.000060000	+0.035401
0.000060040	+0.061280
0.000060080	+0.088868
0.000060120	+0.119385
0.000060160	+0.151612
0.000060200	+0.186280
0.000060240	+0.223633
0.000060280	+0.262452
0.000060320	+0.301026
0.000060360	+0.339844
0.000060400	+0.375977
0.000060440	+0.409424
0.000060480	+0.439942
0.000060520	+0.466309
0.000060560	+0.487305
0.000060600	+0.501709
0.000060640	+0.509766
0.000060680	+0.509766
0.000060720	+0.501954
0.000060760	+0.486573
0.000060800	+0.463868
0.000060840	+0.434083
0.000060880	+0.398194
0.000060920	+0.356934
0.000060960	+0.311036
0.000061000	+0.260743
0.000061040	+0.207520
0.000061080	+0.151856
0.000061120	+0.093750
0.000061160	+0.034180
0.000061200	-0.025390
0.000061240	-0.084960
0.000061280	-0.142822
0.000061320	-0.198974
0.000061360	-0.252197
0.000061400	-0.301513
0.000061440	-0.345703
0.000061480	-0.383789
0.000061520	-0.415527
0.000061560	-0.440673
0.000061600	-0.457763
0.000061640	-0.467285
0.000061680	-0.470458
0.000061720	-0.468261
0.000061760	-0.460449
0.000061800	-0.445800
0.000061840	-0.425048
0.000061880	-0.399169
0.000061920	-0.369628
0.000061960	-0.336669
0.000062000	-0.301269
0.000062040	-0.264404
0.000062080	-0.228759
0.000062120	-0.194824
0.000062160	-0.163330
0.000062200	-0.134277
0.000062240	-0.108154
0.000062280	-0.085205
0.000062320	-0.066650
0.000062360	-0.051513
0.000062400	-0.038330
0.000062440	-0.026855
0.000062480	-0.017578
0.000062520	-0.008789
0.000062560	+0.000733
0.000062600	+0.010010
0.000062640	+0.019043
0.000062680	+0.027344
0.000062720	+0.036133
0.000062760	+0.044922
0.000062800	+0.052979
0.000062840	+0.059571
0.000062880	+0.065674
0.000062920	+0.070313
0.000062960	+0.073243
0.000063000	+0.075684
0.000063040	+0.077393
0.000063080	+0.077881
0.000063120	+0.077637
0.000063160	+0.076905
0.000063200	+0.074952
0.000063240	+0.072266
0.000063280	+0.068848
0.000063320	+0.064209
0.000063360	+0.058838
0.000063400	+0.053223
0.000063440	+0.047120
0.000063480	+0.041993
0.000063520	+0.037842
0.000063560	+0.035401
0.000063600	+0.034424
0.000063640	+0.033936
0.000063680	+0.033692
0.000063720	+0.032715
0.000063760	+0.031739
0.000063800	+0.031006
0.000063840	+0.030274
0.000063880	+0.030762
0.000063920	+0.032959
0.000063960	+0.037354
0.000064000	+0.044922
0.000064040	+0.056885
0.000064080	+0.072754
0.000064120	+0.092042
0.000064160	+0.115967
0.000064200	+0.142579
0.000064240	+0.173340
0.000064280	+0.207032
0.000064320	+0.243409
0.000064360	+0.282471
0.000064400	+0.321290
0.000064440	+0.359864
0.000064480	+0.397706
0.000064520	+0.434815
0.000064560	+0.470948
0.000064600	+0.503663
0.000064640	+0.532471
0.000064680	+0.557618
0.000064720	+0.579102
0.000064760	+0.597413
0.000064800	+0.610840
0.000064840	+0.619874
0.000064880	+0.624268
0.000064920	+0.623536
0.000064960	+0.619874
0.000065000	+0.613770
0.000065040	+0.604249
0.000065080	+0.593995
0.000065120	+0.583008
0.000065160	+0.571778
0.000065200	+0.561036
0.000065240	+0.551758
0.000065280	+0.544190
0.000065320	+0.537842
0.000065360	+0.532227
0.000065400	+0.528321
0.000065440	+0.526368
0.000065480	+0.525147
0.000065520	+0.525147
0.000065560	+0.527588
0.000065600	+0.531006
0.000065640	+0.532959
0.000065680	+0.533936
0.000065720	+0.532715
0.000065760	+0.529053
0.000065800	+0.522217
0.000065840	+0.512940
0.000065880	+0.500000
0.000065920	+0.484375
0.000065960	+0.465088
0.000066000	+0.440918
0.000066040	+0.412842
0.000066080	+0.380616
0.000066120	+0.343262
0.000066160	+0.302735
0.000066200	+0.260254
0.000066240	+0.215821
0.000066280	+0.171143
0.000066320	+0.125245
0.000066360	+0.077881
0.000066400	+0.028809
0.000066440	-0.021484
0.000066480	-0.071777
0.000066520	-0.121337
0.000066560	-0.169921
0.000066600	-0.216796
0.000066640	-0.262451
0.000066680	-0.308105
0.000066720	-0.354248
0.000066760	-0.399414
0.000066800	-0.442138
0.000066840	-0.482666
0.000066880	-0.520019
0.000066920	-0.553955
0.000066960	-0.585205
0.000067000	-0.612548
0.000067040	-0.635742
0.000067080	-0.656005
0.000067120	-0.673095
0.000067160	-0.689453
0.000067200	-0.704589
0.000067240	-0.720703
0.000067280	-0.737304
0.000067320	-0.753906
0.000067360	-0.769531
0.000067400	-0.785400
0.000067440	-0.800781
0.000067480	-0.815917
0.000067520	-0.829345
0.000067560	-0.840087
0.000067600	-0.847900
0.000067640	-0.852294
0.000067680	-0.854003
0.000067720	-0.851806
0.000067760	-0.846191
0.000067800	-0.837158
0.000067840	-0.825927
0.000067880	-0.811035
0.000067920	-0.792724
0.000067960	-0.772460
0.000068000	-0.750488
0.000068040	-0.726318
0.000068080	-0.700927
0.000068120	-0.674316
0.000068160	-0.647216
0.000068200	-0.619628
0.000068240	-0.593017
0.000068280	-0.566894
0.000068320	-0.540283
0.000068360	-0.512451
0.000068400	-0.484375
0.000068440	-0.454345
0.000068480	-0.421142
0.000068520	-0.386230
0.000068560	-0.348876
0.000068600	-0.306884
0.000068640	-0.260742
0.000068680	-0.213378
0.000068720	-0.164794
0.000068760	-0.114990
0.000068800	-0.064941
0.000068840	-0.014648
0.000068880	+0.033936
0.000068920	+0.081299
0.000068960	+0.125733
0.000069000	+0.165772
0.000069040	+0.200196
0.000069080	+0.229737
0.000069120	+0.253907
0.000069160	+0.272706
0.000069200	+0.287842
0.000069240	+0.299317
0.000069280	+0.308350
0.000069320	+0.313477
0.000069360	+0.313965
0.000069400	+0.310303
0.000069440	+0.302979
0.000069480	+0.292481
0.000069520	+0.279297
0.000069560	+0.264161
0.000069600	+0.246338
0.000069640	+0.226807
0.000069680	+0.206788
0.000069720	+0.186036
0.000069760	+0.164063
0.000069800	+0.143067
0.000069840	+0.122071
0.000069880	+0.101075
0.000069920	+0.079834
0.000069960	+0.059571
0.000070000	+0.039551
0.000070040	+0.020752
0.000070080	+0.001465
0.000070120	-0.020507
0.000070160	-0.044677
0.000070200	-0.072021
0.000070240	-0.103027
0.000070280	-0.137695
0.000070320	-0.175292
0.000070360	-0.215576
0.000070400	-0.258300
0.000070440	-0.302978
0.000070480	-0.350341
0.000070520	-0.398925
0.000070560	-0.447753
0.000070600	-0.498046
0.000070640	-0.546875
0.000070680	-0.593505
0.000070720	-0.636962
0.000070760	-0.675537
0.000070800	-0.708007
0.000070840	-0.734130
0.000070880	-0.752929
0.000070920	-0.764648
0.000070960	-0.769287
0.000071000	-0.766357
0.000071040	-0.756347
0.000071080	-0.741455
0.000071120	-0.722167
0.000071160	-0.697998
0.000071200	-0.669433
0.000071240	-0.638427
0.000071280	-0.606445
0.000071320	-0.573974
0.000071360	-0.541259
0.000071400	-0.506835
0.000071440	-0.471191
0.000071480	-0.435058
0.000071520	-0.398193
0.000071560	-0.361328
0.000071600	-0.326171
0.000071640	-0.291992
0.000071680	-0.260009
0.000071720	-0.230468
0.000071760	-0.203613
0.000071800	-0.178710
0.000071840	-0.155029
0.000071880	-0.134033
0.000071920	-0.116210
0.000071960	-0.100341
0.000072000	-0.086425
0.000072040	-0.075683
0.000072080	-0.067626
0.000072120	-0.063720
0.000072160	-0.062744
0.000072200	-0.065185
0.000072240	-0.070068
0.000072280	-0.076171
0.000072320	-0.083007
0.000072360	-0.089355
0.000072400	-0.093994
0.000072440	-0.096191
0.000072480	-0.094970
0.000072520	-0.091308
0.000072560	-0.085205
0.000072600	-0.077636
0.000072640	-0.066894
0.000072680	-0.054931
0.000072720	-0.040527
0.000072760	-0.024902
0.000072800	-0.009521
0.000072840	+0.005127
0.000072880	+0.017090
0.000072920	+0.025391
0.000072960	+0.028809
0.000073000	+0.029053
0.000073040	+0.025147
0.000073080	+0.015381
0.000073120	+0.001221
0.000073160	-0.017089
0.000073200	-0.040039
0.000073240	-0.068115
0.000073280	-0.101074
0.000073320	-0.136718
0.000073360	-0.175048
0.000073400	-0.214599
0.000073440	-0.252441
0.000073480	-0.287353
0.000073520	-0.319091
0.000073560	-0.347412
0.000073600	-0.368896
0.000073640	-0.383544
0.000073680	-0.390869
0.000073720	-0.391113
0.000073760	-0.385498
0.000073800	-0.374023
0.000073840	-0.358642
0.000073880	-0.338378
0.000073920	-0.313476
0.000073960	-0.284912
0.000074000	-0.253662
0.000074040	-0.221679
0.000074080	-0.190429
0.000074120	-0.160888
0.000074160	-0.132568
0.000074200	-0.107910
0.000074240	-0.086669
0.000074280	-0.068359
0.000074320	-0.053955
0.000074360	-0.043212
0.000074400	-0.035400
0.000074440	-0.031005
0.000074480	-0.029052
0.000074520	-0.030029
0.000074560	-0.033447
0.000074600	-0.039306
0.000074640	-0.049072
0.000074680	-0.061767
0.000074720	-0.076416
0.000074760	-0.091552
0.000074800	-0.107910
0.000074840	-0.125244
0.000074880	-0.143066
0.000074920	-0.163085
0.000074960	-0.182861
0.000075000	-0.201904
0.000075040	-0.220703
0.000075080	-0.238525
0.000075120	-0.255615
0.000075160	-0.273193
0.000075200	-0.290771
0.000075240	-0.307373
0.000075280	-0.323486
0.000075320	-0.338623
0.000075360	-0.353271
0.000075400	-0.366210
0.000075440	-0.378173
0.000075480	-0.389404
0.000075520	-0.399902
0.000075560	-0.408203
0.000075600	-0.414306
0.000075640	-0.418212
0.000075680	-0.421142
0.000075720	-0.423828
0.000075760	-0.426513
0.000075800	-0.428710
0.000075840	-0.432128
0.000075880	-0.436523
0.000075920	-0.442871
0.000075960	-0.448730
0.000076000	-0.454833
0.000076040	-0.458740
0.000076080	-0.461181
0.000076120	-0.460449
0.000076160	-0.456298
0.000076200	-0.450439
0.000076240	-0.441650
0.000076280	-0.431884
0.000076320	-0.421630
0.000076360	-0.411132
0.000076400	-0.400390
0.000076440	-0.389404
0.000076480	-0.378173
0.000076520	-0.366210
0.000076560	-0.352294
0.000076600	-0.339355
0.000076640	-0.326171
0.000076680	-0.311523
0.000076720	-0.295410
0.000076760	-0.278320
0.000076800	-0.259521
0.000076840	-0.239990
0.000076880	-0.219238
0.000076920	-0.197021
0.000076960	-0.173583
0.000077000	-0.147705
0.000077040	-0.120849
0.000077080	-0.092041
0.000077120	-0.061279
0.000077160	-0.029541
0.000077200	+0.002930
0.000077240	+0.036377
0.000077280	+0.070557
0.000077320	+0.104249
0.000077360	+0.135743
0.000077400	+0.164551
0.000077440	+0.189209
0.000077480	+0.209961
0.000077520	+0.226319
0.000077560	+0.238038
0.000077600	+0.246583
0.000077640	+0.251709
0.000077680	+0.252686
0.000077720	+0.248536
0.000077760	+0.241211
0.000077800	+0.231446
0.000077840	+0.219483
0.000077880	+0.206299
0.000077920	+0.192627
0.000077960	+0.179444
0.000078000	+0.167237
0.000078040	+0.154053
0.000078080	+0.141358
0.000078120	+0.130616
0.000078160	+0.120606
0.000078200	+0.112061
0.000078240	+0.104004
0.000078280	+0.095704
0.000078320	+0.087891
0.000078360	+0.080567
0.000078400	+0.073975
0.000078440	+0.067872
0.000078480	+0.061036
0.000078520	+0.052002
0.000078560	+0.039795
0.000078600	+0.025635
0.000078640	+0.010254
0.000078680	-0.006835
0.000078720	-0.025146
0.000078760	-0.045410
0.000078800	-0.067871
0.000078840	-0.092285
0.000078880	-0.117675
0.000078920	-0.143798
0.000078960	-0.169433
0.000079000	-0.194824
0.000079040	-0.219482
0.000079080	-0.241943
0.000079120	-0.260986
0.000079160	-0.277099
0.000079200	-0.291015
0.000079240	-0.303222
0.000079280	-0.312988
0.000079320	-0.320800
0.000079360	-0.324462
0.000079400	-0.325927
0.000079440	-0.326171
0.000079480	-0.325927
0.000079520	-0.325439
0.000079560	-0.324707
0.000079600	-0.322753
0.000079640	-0.319824
0.000079680	-0.316406
0.000079720	-0.311767
0.000079760	-0.304443
0.000079800	-0.294677
0.000079840	-0.282958
0.000079880	-0.269287
0.000079920	-0.254150
0.000079960	-0.238281
0.000080000	-0.221679
0.000080040	-0.204589
0.000080080	-0.188720
0.000080120	-0.172851
0.000080160	-0.156250
0.000080200	-0.138427
0.000080240	-0.120361
0.000080280	-0.103515
0.000080320	-0.089355
0.000080360	-0.077636
0.000080400	-0.069824
0.000080440	-0.065185
0.000080480	-0.063964
0.000080520	-0.067382
0.000080560	-0.073974
0.000080600	-0.081542
0.000080640	-0.090576
0.000080680	-0.099609
0.000080720	-0.107177
0.000080760	-0.111816
0.000080800	-0.112060
0.000080840	-0.106445
0.000080880	-0.094726
0.000080920	-0.077392
0.000080960	-0.054443
0.000081000	-0.025634
0.000081040	+0.007569
0.000081080	+0.045411
0.000081120	+0.086670
0.000081160	+0.131348
0.000081200	+0.177002
0.000081240	+0.223145
0.000081280	+0.270264
0.000081320	+0.315674
0.000081360	+0.357911
0.000081400	+0.396973
0.000081440	+0.432862
0.000081480	+0.464356
0.000081520	+0.491456
0.000081560	+0.513917
0.000081600	+0.530518
0.000081640	+0.541749
0.000081680	+0.546631
0.000081720	+0.545411
0.000081760	+0.536622
0.000081800	+0.521485
0.000081840	+0.500000
0.000081880	+0.473633
0.000081920	+0.444092
0.000081960	+0.411622
0.000082000	+0.378174
0.000082040	+0.344971
0.000082080	+0.310303
0.000082120	+0.277344
0.000082160	+0.247315
0.000082200	+0.220704
0.000082240	+0.196778
0.000082280	+0.175293
0.000082320	+0.155762
0.000082360	+0.137452
0.000082400	+0.120118
0.000082440	+0.104493
0.000082480	+0.090821
0.000082520	+0.079346
0.000082560	+0.069825
0.000082600	+0.062012
0.000082640	+0.058106
0.000082680	+0.058106
0.000082720	+0.061280
0.000082760	+0.068604
0.000082800	+0.081055
0.000082840	+0.096924
0.000082880	+0.116944
0.000082920	+0.139893
0.000082960	+0.165284
0.000083000	+0.194092
0.000083040	+0.224610
0.000083080	+0.254883
0.000083120	+0.283448
0.000083160	+0.309815
0.000083200	+0.332764
0.000083240	+0.351807
0.000083280	+0.366211
0.000083320	+0.375000
0.000083360	+0.376221
0.000083400	+0.370850
0.000083440	+0.360108
0.000083480	+0.344971
0.000083520	+0.326172
0.000083560	+0.304200
0.000083600	+0.279053
0.000083640	+0.250733
0.000083680	+0.221680
0.000083720	+0.192627
0.000083760	+0.162598
0.000083800	+0.133057
0.000083840	+0.105469
0.000083880	+0.080079
0.000083920	+0.056397
0.000083960	+0.034424
0.000084000	+0.013672
0.000084040	-0.005859
0.000084080	-0.023925
0.000084120	-0.040771
0.000084160	-0.055419
0.000084200	-0.067626
0.000084240	-0.076660
0.000084280	-0.082031
0.000084320	-0.084716
0.000084360	-0.084472
0.000084400	-0.081542
0.000084440	-0.076171
0.000084480	-0.068115
0.000084520	-0.058349
0.000084560	-0.048339
0.000084600	-0.039062
0.000084640	-0.030273
0.000084680	-0.022705
0.000084720	-0.017333
0.000084760	-0.015136
0.000084800	-0.015380
0.000084840	-0.018554
0.000084880	-0.027099
0.000084920	-0.040771
0.000084960	-0.057861
0.000085000	-0.077636
0.000085040	-0.101074
0.000085080	-0.126708
0.000085120	-0.153564
0.000085160	-0.181640
0.000085200	-0.209960
0.000085240	-0.238525
0.000085280	-0.266357
0.000085320	-0.291992
0.000085360	-0.313964
0.000085400	-0.331054
0.000085440	-0.343750
0.000085480	-0.353759
0.000085520	-0.361083
0.000085560	-0.365478
0.000085600	-0.366699
0.000085640	-0.364257
0.000085680	-0.359619
0.000085720	-0.352294
0.000085760	-0.341552
0.000085800	-0.326416
0.000085840	-0.307861
0.000085880	-0.285644
0.000085920	-0.257568
0.000085960	-0.224609
0.000086000	-0.186767
0.000086040	-0.143798
0.000086080	-0.094970
0.000086120	-0.043212
0.000086160	+0.009766
0.000086200	+0.063965
0.000086240	+0.116456
0.000086280	+0.167725
0.000086320	+0.214844
0.000086360	+0.255616
0.000086400	+0.289795
0.000086440	+0.318360
0.000086480	+0.340088
0.000086520	+0.355225
0.000086560	+0.364014
0.000086600	+0.367432
0.000086640	+0.366700
0.000086680	+0.363282
0.000086720	+0.357667
0.000086760	+0.351563
0.000086800	+0.344727
0.000086840	+0.338624
0.000086880	+0.332520
0.000086920	+0.327637
0.000086960	+0.323243
0.000087000	+0.318848
0.000087040	+0.314209
0.000087080	+0.310303
0.000087120	+0.306885
0.000087160	+0.303467
0.000087200	+0.300782
0.000087240	+0.297120
0.000087280	+0.292969
0.000087320	+0.286866
0.000087360	+0.279542
0.000087400	+0.270020
0.000087440	+0.259278
0.000087480	+0.245118
0.000087520	+0.229004
0.000087560	+0.212159
0.000087600	+0.195313
0.000087640	+0.181397
0.000087680	+0.170411
0.000087720	+0.161866
0.000087760	+0.156495
0.000087800	+0.155274
0.000087840	+0.158204
0.000087880	+0.166260
0.000087920	+0.177002
0.000087960	+0.190918
0.000088000	+0.207764
0.000088040	+0.227784
0.000088080	+0.250977
0.000088120	+0.277344
0.000088160	+0.306397
0.000088200	+0.336670
0.000088240	+0.366700
0.000088280	+0.396729
0.000088320	+0.425293
0.000088360	+0.452393
0.000088400	+0.476075
0.000088440	+0.496094
0.000088480	+0.512940
0.000088520	+0.527344
0.000088560	+0.538575
0.000088600	+0.545899
0.000088640	+0.550293
0.000088680	+0.551514
0.000088720	+0.547608
0.000088760	+0.541016
0.000088800	+0.533936
0.000088840	+0.525391
0.000088880	+0.517579
0.000088920	+0.512696
0.000088960	+0.510987
0.000089000	+0.511475
0.000089040	+0.513428
0.000089080	+0.516114
0.000089120	+0.520752
0.000089160	+0.524659
0.000089200	+0.527588
0.000089240	+0.529542
0.000089280	+0.530518
0.000089320	+0.529786
0.000089360	+0.527344
0.000089400	+0.523194
0.000089440	+0.519776
0.000089480	+0.516602
0.000089520	+0.512696
0.000089560	+0.509034
0.000089600	+0.506104
0.000089640	+0.504151
0.000089680	+0.502930
0.000089720	+0.500977
0.000089760	+0.499756
0.000089800	+0.497071
0.000089840	+0.492676
0.000089880	+0.486573
0.000089920	+0.478516
0.000089960	+0.469239
0.000090000	+0.458008
0.000090040	+0.444825
0.000090080	+0.429200
0.000090120	+0.411866
0.000090160	+0.392823
0.000090200	+0.372315
0.000090240	+0.350098
0.000090280	+0.325928
0.000090320	+0.300293
0.000090360	+0.272706
0.000090400	+0.243165
0.000090440	+0.209961
0.000090480	+0.176270
0.000090520	+0.141846
0.000090560	+0.106690
0.000090600	+0.072022
0.000090640	+0.037110
0.000090680	+0.003174
0.000090720	-0.029052
0.000090760	-0.060058
0.000090800	-0.089843
0.000090840	-0.117675
0.000090880	-0.143554
0.000090920	-0.166992
0.000090960	-0.187011
0.000091000	-0.204101
0.000091040	-0.217773
0.000091080	-0.229492
0.000091120	-0.239013
0.000091160	-0.246337
0.000091200	-0.251464
0.000091240	-0.256835
0.000091280	-0.261718
0.000091320	-0.267089
0.000091360	-0.272216
0.000091400	-0.276611
0.000091440	-0.280517
0.000091480	-0.285156
0.000091520	-0.290771
0.000091560	-0.295654
0.000091600	-0.299316
0.000091640	-0.300048
0.000091680	-0.296386
0.000091720	-0.286865
0.000091760	-0.272216
0.000091800	-0.252197
0.000091840	-0.228515
0.000091880	-0.201171
0.000091920	-0.170654
0.000091960	-0.138916
0.000092000	-0.107421
0.000092040	-0.078857
0.000092080	-0.053710
0.000092120	-0.033691
0.000092160	-0.019775
0.000092200	-0.012207
0.000092240	-0.010009
0.000092280	-0.013671
0.000092320	-0.022949
0.000092360	-0.036132
0.000092400	-0.053222
0.000092440	-0.074462
0.000092480	-0.099365
0.000092520	-0.126708
0.000092560	-0.153808
0.000092600	-0.180908
0.000092640	-0.207519
0.000092680	-0.233398
0.000092720	-0.259033
0.000092760	-0.284667
0.000092800	-0.309570
0.000092840	-0.333496
0.000092880	-0.354736
0.000092920	-0.373779
0.000092960	-0.389648
0.000093000	-0.402343
0.000093040	-0.413818
0.000093080	-0.424072
0.000093120	-0.432373
0.000093160	-0.437988
0.000093200	-0.440185
0.000093240	-0.437744
0.000093280	-0.430908
0.000093320	-0.419677
0.000093360	-0.402832
0.000093400	-0.380126
0.000093440	-0.352050
0.000093480	-0.319824
0.000093520	-0.283203
0.000093560	-0.243652
0.000093600	-0.201416
0.000093640	-0.156982
0.000093680	-0.111083
0.000093720	-0.065429
0.000093760	-0.021240
0.000093800	+0.022461
0.000093840	+0.063721
0.000093880	+0.101563
0.000093920	+0.136231
0.000093960	+0.167237
0.000094000	+0.193360
0.000094040	+0.213868
0.000094080	+0.228516
0.000094120	+0.236817
0.000094160	+0.239502
0.000094200	+0.237061
0.000094240	+0.229249
0.000094280	+0.217286
0.000094320	+0.202637
0.000094360	+0.185792
0.000094400	+0.167481
0.000094440	+0.148926
0.000094480	+0.129151
0.000094520	+0.109131
0.000094560	+0.088135
0.000094600	+0.066651
0.000094640	+0.044190
0.000094680	+0.020997
0.000094720	-0.003906
0.000094760	-0.030029
0.000094800	-0.057128
0.000094840	-0.084228
0.000094880	-0.110839
0.000094920	-0.135498
0.000094960	-0.157714
0.000095000	-0.176269
0.000095040	-0.194091
0.000095080	-0.209228
0.000095120	-0.221679
0.000095160	-0.231201
0.000095200	-0.237792
0.000095240	-0.241943
0.000095280	-0.244140
0.000095320	-0.244384
0.000095360	-0.242187
0.000095400	-0.237792
0.000095440	-0.231689
0.000095480	-0.224365
0.000095520	-0.215576
0.000095560	-0.205322
0.000095600	-0.193847
0.000095640	-0.180664
0.000095680	-0.164550
0.000095720	-0.146728
0.000095760	-0.126708
0.000095800	-0.104980
0.000095840	-0.082763
0.000095880	-0.059814
0.000095920	-0.036621
0.000095960	-0.012695
0.000096000	+0.010987
0.000096040	+0.034180
0.000096080	+0.056397
0.000096120	+0.076905
0.000096160	+0.096192
0.000096200	+0.113282
0.000096240	+0.127686
0.000096280	+0.138428
0.000096320	+0.146729
0.000096360	+0.152588
0.000096400	+0.155274
0.000096440	+0.154786
0.000096480	+0.151856
0.000096520	+0.146973
0.000096560	+0.139649
0.000096600	+0.130860
0.000096640	+0.121094
0.000096680	+0.110108
0.000096720	+0.099366
0.000096760	+0.089600
0.000096800	+0.078614
0.000096840	+0.068116
0.000096880	+0.057129
0.000096920	+0.047364
0.000096960	+0.037354
0.000097000	+0.026368
0.000097040	+0.016602
0.000097080	+0.008790
0.000097120	+0.002686
0.000097160	-0.002197
0.000097200	-0.007324
0.000097240	-0.012695
0.000097280	-0.018310
0.000097320	-0.023193
0.000097360	-0.028808
0.000097400	-0.034179
0.000097440	-0.039550
0.000097480	-0.044921
0.000097520	-0.050781
0.000097560	-0.055664
0.000097600	-0.060546
0.000097640	-0.066650
0.000097680	-0.073974
0.000097720	-0.080810
0.000097760	-0.087402
0.000097800	-0.093261
0.000097840	-0.099121
0.000097880	-0.104248
0.000097920	-0.108398
0.000097960	-0.112548
0.000098000	-0.114257
0.000098040	-0.114013
0.000098080	-0.111572
0.000098120	-0.105957
0.000098160	-0.097167
0.000098200	-0.086914
0.000098240	-0.072753
0.000098280	-0.056396
0.000098320	-0.038574
0.000098360	-0.019775
0.000098400	-0.000244
0.000098440	+0.021241
0.000098480	+0.044678
0.000098520	+0.068848
0.000098560	+0.092774
0.000098600	+0.117188
0.000098640	+0.140137
0.000098680	+0.160889
0.000098720	+0.179200
0.000098760	+0.194336
0.000098800	+0.206299
0.000098840	+0.215088
0.000098880	+0.219483
0.000098920	+0.220948
0.000098960	+0.220704
0.000099000	+0.220704
0.000099040	+0.220704
0.000099080	+0.221436
0.000099120	+0.224122
0.000099160	+0.228516
0.000099200	+0.234864
0.000099240	+0.242676
0.000099280	+0.252686
0.000099320	+0.263917
0.000099360	+0.274659
0.000099400	+0.285157
0.000099440	+0.294434
0.000099480	+0.301514
0.000099520	+0.308350
0.000099560	+0.313721
0.000099600	+0.317627
0.000099640	+0.319825
0.000099680	+0.319092
0.000099720	+0.315918
0.000099760	+0.309083
0.000099800	+0.299317
0.000099840	+0.288086
0.000099880	+0.274659
0.000099920	+0.259766
0.000099960	+0.243653
0.000100000	+0.226807
0.000100040	+0.210206
0.000100080	+0.193848
0.000100120	+0.178467
0.000100160	+0.163331
0.000100200	+0.149659
0.000100240	+0.135987
0.000100280	+0.123780
0.000100320	+0.112549
0.000100360	+0.101563
0.000100400	+0.090333
0.000100440	+0.078370
0.000100480	+0.066163
0.000100520	+0.052979
0.000100560	+0.038575
0.000100600	+0.024170
0.000100640	+0.009278
0.000100680	-0.005859
0.000100720	-0.021972
0.000100760	-0.037841
0.000100800	-0.055175
0.000100840	-0.072998
0.000100880	-0.091552
0.000100920	-0.111083
0.000100960	-0.131347
0.000101000	-0.151367
0.000101040	-0.170898
0.000101080	-0.190429
0.000101120	-0.209960
0.000101160	-0.227783
0.000101200	-0.243408
0.000101240	-0.257812
0.000101280	-0.270263
0.000101320	-0.280761
0.000101360	-0.289550
0.000101400	-0.294921
0.000101440	-0.296142
0.000101480	-0.294433
0.000101520	-0.289062
0.000101560	-0.281005
0.000101600	-0.268554
0.000101640	-0.251220
0.000101680	-0.230468
0.000101720	-0.205566
0.000101760	-0.175537
0.000101800	-0.142578
0.000101840	-0.106201
0.000101880	-0.069335
0.000101920	-0.031250
0.000101960	+0.008057
0.000102000	+0.047852
0.000102040	+0.086915
0.000102080	+0.125733
0.000102120	+0.163331
0.000102160	+0.199708
0.000102200	+0.235352
0.000102240	+0.269532
0.000102280	+0.303223
0.000102320	+0.334717
0.000102360	+0.364014
0.000102400	+0.390870
0.000102440	+0.413575
0.000102480	+0.434083
0.000102520	+0.453125
0.000102560	+0.471680
0.000102600	+0.490479
0.000102640	+0.508545
0.000102680	+0.527344
0.000102720	+0.546875
0.000102760	+0.566651
0.000102800	+0.589112
0.000102840	+0.612549
0.000102880	+0.635987
0.000102920	+0.658936
0.000102960	+0.679444
0.000103000	+0.695557
0.000103040	+0.708741
0.000103080	+0.718262
0.000103120	+0.723389
0.000103160	+0.724122
0.000103200	+0.720704
0.000103240	+0.713624
0.000103280	+0.705811
0.000103320	+0.696534
0.000103360	+0.687989
0.000103400	+0.680176
0.000103440	+0.673829
0.000103480	+0.668946
0.000103520	+0.665772
0.000103560	+0.665772
0.000103600	+0.667969
0.000103640	+0.670655
0.000103680	+0.673340
0.000103720	+0.674317
0.000103760	+0.674073
0.000103800	+0.671875
0.000103840	+0.666993
0.000103880	+0.660157
0.000103920	+0.650879
0.000103960	+0.637208
0.000104000	+0.621094
0.000104040	+0.603760
0.000104080	+0.586182
0.000104120	+0.568116
0.000104160	+0.549561
0.000104200	+0.530762
0.000104240	+0.511475
0.000104280	+0.493409
0.000104320	+0.476319
0.000104360	+0.458741
0.000104400	+0.440430
0.000104440	+0.419922
0.000104480	+0.396729
0.000104520	+0.370850
0.000104560	+0.343995
0.000104600	+0.317139
0.000104640	+0.290284
0.000104680	+0.263672
0.000104720	+0.237549
0.000104760	+0.213135
0.000104800	+0.189942
0.000104840	+0.166993
0.000104880	+0.142823
0.000104920	+0.118653
0.000104960	+0.094483
0.000105000	+0.069336
0.000105040	+0.042725
0.000105080	+0.014649
0.000105120	-0.014160
0.000105160	-0.044677
0.000105200	-0.076904
0.000105240	-0.108886
0.000105280	-0.141113
0.000105320	-0.171630
0.000105360	-0.200439
0.000105400	-0.228027
0.000105440	-0.251953
0.000105480	-0.272705
0.000105520	-0.289306
0.000105560	-0.302734
0.000105600	-0.312011
0.000105640	-0.316162
0.000105680	-0.316162
0.000105720	-0.311523
0.000105760	-0.301513
0.000105800	-0.286132
0.000105840	-0.267333
0.000105880	-0.245849
0.000105920	-0.221435
0.000105960	-0.194091
0.000106000	-0.163330
0.000106040	-0.131103
0.000106080	-0.097900
0.000106120	-0.064208
0.000106160	-0.030517
0.000106200	+0.002686
0.000106240	+0.036866
0.000106280	+0.071778
0.000106320	+0.107667
0.000106360	+0.144043
0.000106400	+0.180909
0.000106440	+0.216309
0.000106480	+0.250733
0.000106520	+0.284424
0.000106560	+0.315918
0.000106600	+0.343995
0.000106640	+0.367920
0.000106680	+0.387940
0.000106720	+0.404297
0.000106760	+0.416260
0.000106800	+0.423096
0.000106840	+0.426514
0.000106880	+0.426758
0.000106920	+0.425293
0.000106960	+0.421875
0.000107000	+0.415528
0.000107040	+0.407471
0.000107080	+0.396729
0.000107120	+0.383301
0.000107160	+0.368653
0.000107200	+0.353272
0.000107240	+0.336182
0.000107280	+0.317383
0.000107320	+0.296631
0.000107360	+0.274659
0.000107400	+0.250733
0.000107440	+0.225586
0.000107480	+0.199463
0.000107520	+0.170899
0.000107560	+0.140137
0.000107600	+0.106446
0.000107640	+0.068604
0.000107680	+0.028321
0.000107720	-0.014648
0.000107760	-0.061035
0.000107800	-0.111083
0.000107840	-0.162597
0.000107880	-0.214843
0.000107920	-0.268310
0.000107960	-0.321533
0.000108000	-0.374755
0.000108040	-0.427734
0.000108080	-0.480224
0.000108120	-0.531250
0.000108160	-0.581542
0.000108200	-0.631591
0.000108240	-0.681152
0.000108280	-0.729736
0.000108320	-0.776611
0.000108360	-0.820800
0.000108400	-0.861083
0.000108440	-0.897705
0.000108480	-0.930175
0.000108520	-0.957275
0.000108560	-0.979492
0.000108600	-0.998046
0.000108640	-1.010742
0.000108680	-1.020019
0.000108720	-1.026367
0.000108760	-1.031005
0.000108800	-1.032714
0.000108840	-1.032226
0.000108880	-1.031738
0.000108920	-1.031005
0.000108960	-1.029785
0.000109000	-1.026367
0.000109040	-1.022705
0.000109080	-1.019531
0.000109120	-1.017089
0.000109160	-1.014648
0.000109200	-1.013183
0.000109240	-1.011474
0.000109280	-1.011718
0.000109320	-1.013427
0.000109360	-1.017089
0.000109400	-1.021728
0.000109440	-1.027099
0.000109480	-1.032714
0.000109520	-1.038574
0.000109560	-1.042236
0.000109600	-1.044433
0.000109640	-1.045410
0.000109680	-1.045166
0.000109720	-1.043945
0.000109760	-1.040771
0.000109800	-1.036621
0.000109840	-1.030517
0.000109880	-1.022949
0.000109920	-1.013671
0.000109960	-1.002441
0.000110000	-0.989013
0.000110040	-0.972900
0.000110080	-0.953613
0.000110120	-0.931884
0.000110160	-0.906250
0.000110200	-0.877441
0.000110240	-0.843750
0.000110280	-0.804687
0.000110320	-0.761962
0.000110360	-0.719482
0.000110400	-0.677734
0.000110440	-0.636962
0.000110480	-0.598632
0.000110520	-0.562988
0.000110560	-0.530273
0.000110600	-0.502441
0.000110640	-0.479736
0.000110680	-0.461425
0.000110720	-0.449462
0.000110760	-0.441406
0.000110800	-0.436279
0.000110840	-0.433349
0.000110880	-0.431640
0.000110920	-0.430664
0.000110960	-0.431640
0.000111000	-0.433837
0.000111040	-0.435546
0.000111080	-0.435791
0.000111120	-0.434814
0.000111160	-0.431152
0.000111200	-0.425781
0.000111240	-0.419433
0.000111280	-0.411621
0.000111320	-0.402587
0.000111360	-0.394775
0.000111400	-0.387451
0.000111440	-0.381591
0.000111480	-0.375976
0.000111520	-0.369873
0.000111560	-0.364257
0.000111600	-0.359375
0.000111640	-0.355468
0.000111680	-0.350097
0.000111720	-0.343505
0.000111760	-0.334472
0.000111800	-0.322265
0.000111840	-0.306884
0.000111880	-0.289794
0.000111920	-0.273437
0.000111960	-0.256591
0.000112000	-0.240478
0.000112040	-0.225585
0.000112080	-0.212890
0.000112120	-0.204833
0.000112160	-0.201904
0.000112200	-0.204101
0.000112240	-0.209472
0.000112280	-0.220947
0.000112320	-0.239501
0.000112360	-0.266113
0.000112400	-0.298095
0.000112440	-0.336181
0.000112480	-0.377441
0.000112520	-0.421142
0.000112560	-0.465087
0.000112600	-0.508789
0.000112640	-0.551513
0.000112680	-0.591796
0.000112720	-0.629150
0.000112760	-0.661865
0.000112800	-0.690673
0.000112840	-0.715576
0.000112880	-0.738037
0.000112920	-0.757568
0.000112960	-0.774169
0.000113000	-0.788085
0.000113040	-0.798339
0.000113080	-0.804199
0.000113120	-0.805908
0.000113160	-0.803222
0.000113200	-0.795898
0.000113240	-0.783935
0.000113280	-0.767578
0.000113320	-0.746826
0.000113360	-0.722656
0.000113400	-0.695800
0.000113440	-0.666259
0.000113480	-0.636230
0.000113520	-0.607177
0.000113560	-0.580322
0.000113600	-0.555175
0.000113640	-0.531738
0.000113680	-0.510742
0.000113720	-0.491455
0.000113760	-0.474121
0.000113800	-0.458740
0.000113840	-0.446289
0.000113880	-0.436279
0.000113920	-0.428710
0.000113960	-0.423095
0.000114000	-0.418457
0.000114040	-0.414550
0.000114080	-0.411865
0.000114120	-0.411376
0.000114160	-0.411865
0.000114200	-0.413085
0.000114240	-0.414550
0.000114280	-0.413085
0.000114320	-0.408203
0.000114360	-0.398193
0.000114400	-0.385253
0.000114440	-0.368408
0.000114480	-0.348388
0.000114520	-0.324707
0.000114560	-0.297607
0.000114600	-0.267333
0.000114640	-0.234863
0.000114680	-0.198730
0.000114720	-0.160156
0.000114760	-0.118408
0.000114800	-0.073486
0.000114840	-0.024414
0.000114880	+0.027344
0.000114920	+0.079590
0.000114960	+0.129639
0.000115000	+0.176270
0.000115040	+0.220459
0.000115080	+0.260254
0.000115120	+0.295167
0.000115160	+0.324708
0.000115200	+0.348389
0.000115240	+0.365967
0.000115280	+0.379151
0.000115320	+0.387696
0.000115360	+0.392090
0.000115400	+0.393311
0.000115440	+0.393311
0.000115480	+0.392090
0.000115520	+0.388917
0.000115560	+0.383057
0.000115600	+0.376465
0.000115640	+0.371338
0.000115680	+0.366456
0.000115720	+0.362305
0.000115760	+0.359864
0.000115800	+0.358643
0.000115840	+0.360352
0.000115880	+0.363526
0.000115920	+0.368897
0.000115960	+0.374512
0.000116000	+0.381348
0.000116040	+0.388184
0.000116080	+0.394288
0.000116120	+0.399659
0.000116160	+0.404786
0.000116200	+0.408204
0.000116240	+0.409913
0.000116280	+0.409913
0.000116320	+0.407959
0.000116360	+0.405762
0.000116400	+0.405274
0.000116440	+0.407471
0.000116480	+0.412354
0.000116520	+0.419190
0.000116560	+0.428711
0.000116600	+0.441895
0.000116640	+0.457764
0.000116680	+0.476075
0.000116720	+0.496583
0.000116760	+0.519288
0.000116800	+0.543946
0.000116840	+0.568604
0.000116880	+0.592530
0.000116920	+0.614991
0.000116960	+0.637452
0.000117000	+0.658936
0.000117040	+0.679200
0.000117080	+0.697999
0.000117120	+0.714600
0.000117160	+0.727295
0.000117200	+0.737549
0.000117240	+0.746827
0.000117280	+0.753663
0.000117320	+0.759034
0.000117360	+0.762208
0.000117400	+0.763184
0.000117440	+0.762940
0.000117480	+0.761475
0.000117520	+0.758301
0.000117560	+0.752930
0.000117600	+0.744874
0.000117640	+0.734864
0.000117680	+0.722657
0.000117720	+0.707764
0.000117760	+0.690674
0.000117800	+0.671875
0.000117840	+0.652344
0.000117880	+0.632813
0.000117920	+0.613038
0.000117960	+0.592774
0.000118000	+0.572510
0.000118040	+0.551514
0.000118080	+0.528321
0.000118120	+0.502930
0.000118160	+0.475831
0.000118200	+0.448487
0.000118240	+0.419922
0.000118280	+0.389649
0.000118320	+0.359620
0.000118360	+0.328858
0.000118400	+0.297608
0.000118440	+0.266602
0.000118480	+0.237793
0.000118520	+0.209473
0.000118560	+0.182129
0.000118600	+0.156739
0.000118640	+0.134766
0.000118680	+0.117676
0.000118720	+0.104249
0.000118760	+0.095459
0.000118800	+0.090088
0.000118840	+0.089112
0.000118880	+0.093995
0.000118920	+0.103272
0.000118960	+0.115967
0.000119000	+0.130616
0.000119040	+0.147217
0.000119080	+0.164307
0.000119120	+0.180909
0.000119160	+0.196290
0.000119200	+0.208985
0.000119240	+0.218995
0.000119280	+0.226807
0.000119320	+0.231934
0.000119360	+0.233399
0.000119400	+0.231690
0.000119440	+0.227540
0.000119480	+0.221192
0.000119520	+0.213379
0.000119560	+0.203858
0.000119600	+0.193116
0.000119640	+0.181885
0.000119680	+0.170655
0.000119720	+0.157471
0.000119760	+0.143799
0.000119800	+0.129639
0.000119840	+0.114991
0.000119880	+0.099366
0.000119920	+0.084717
0.000119960	+0.070801
0.000120000	+0.056885
0.000120040	+0.043458
0.000120080	+0.031006
0.000120120	+0.019532
0.000120160	+0.008790
0.000120200	-0.001464
0.000120240	-0.010742
0.000120280	-0.018554
0.000120320	-0.024658
0.000120360	-0.027587
0.000120400	-0.027587
0.000120440	-0.023925
0.000120480	-0.016845
0.000120520	-0.005859
0.000120560	+0.010254
0.000120600	+0.030762
0.000120640	+0.054932
0.000120680	+0.082764
0.000120720	+0.112549
0.000120760	+0.143067
0.000120800	+0.173096
0.000120840	+0.201417
0.000120880	+0.228760
0.000120920	+0.254151
0.000120960	+0.278321
0.000121000	+0.300782
0.000121040	+0.322510
0.000121080	+0.344239
0.000121120	+0.364502
0.000121160	+0.382813
0.000121200	+0.399415
0.000121240	+0.413331
0.000121280	+0.425538
0.000121320	+0.436036
0.000121360	+0.444825
0.000121400	+0.451417
0.000121440	+0.456543
0.000121480	+0.459473
0.000121520	+0.459473
0.000121560	+0.456299
0.000121600	+0.448487
0.000121640	+0.436280
0.000121680	+0.419922
0.000121720	+0.399659
0.000121760	+0.376954
0.000121800	+0.353272
0.000121840	+0.327881
0.000121880	+0.302979
0.000121920	+0.278565
0.000121960	+0.255372
0.000122000	+0.233887
0.000122040	+0.214112
0.000122080	+0.195801
0.000122120	+0.178711
0.000122160	+0.162842
0.000122200	+0.149415
0.000122240	+0.139161
0.000122280	+0.130616
0.000122320	+0.124512
0.000122360	+0.119874
0.000122400	+0.117188
0.000122440	+0.116944
0.000122480	+0.118653
0.000122520	+0.122559
0.000122560	+0.130127
0.000122600	+0.140381
0.000122640	+0.152344
0.000122680	+0.168458
0.000122720	+0.186524
0.000122760	+0.204834
0.000122800	+0.223633
0.000122840	+0.242188
0.000122880	+0.260254
0.000122920	+0.276612
0.000122960	+0.290528
0.000123000	+0.302979
0.000123040	+0.313477
0.000123080	+0.322754
0.000123120	+0.330323
0.000123160	+0.334961
0.000123200	+0.336915
0.000123240	+0.335938
0.000123280	+0.331543
0.000123320	+0.324463
0.000123360	+0.313721
0.000123400	+0.299561
0.000123440	+0.282959
0.000123480	+0.265381
0.000123520	+0.246827
0.000123560	+0.227295
0.000123600	+0.208497
0.000123640	+0.191407
0.000123680	+0.175293
0.000123720	+0.160889
0.000123760	+0.147706
0.000123800	+0.134766
0.000123840	+0.122559
0.000123880	+0.110840
0.000123920	+0.100831
0.000123960	+0.092774
0.000124000	+0.084961
0.000124040	+0.076905
0.000124080	+0.069825
0.000124120	+0.063233
0.000124160	+0.056397
0.000124200	+0.050049
0.000124240	+0.043946
0.000124280	+0.036622
0.000124320	+0.028321
0.000124360	+0.018799
0.000124400	+0.009034
0.000124440	-0.003173
0.000124480	-0.016845
0.000124520	-0.031005
0.000124560	-0.043945
0.000124600	-0.056152
0.000124640	-0.066894
0.000124680	-0.076660
0.000124720	-0.084716
0.000124760	-0.090332
0.000124800	-0.093017
0.000124840	-0.093750
0.000124880	-0.095214
0.000124920	-0.098144
0.000124960	-0.100585
0.000125000	-0.102294
0.000125040	-0.103759
0.000125080	-0.104736
0.000125120	-0.105224
0.000125160	-0.104248
0.000125200	-0.101806
0.000125240	-0.097167
0.000125280	-0.091308
0.000125320	-0.083740
0.000125360	-0.072998
0.000125400	-0.060302
0.000125440	-0.047119
0.000125480	-0.033935
0.000125520	-0.020996
0.000125560	-0.008789
0.000125600	+0.000977
0.000125640	+0.009766
0.000125680	+0.016602
0.000125720	+0.021973
0.000125760	+0.027344
0.000125800	+0.032715
0.000125840	+0.036133
0.000125880	+0.039063
0.000125920	+0.041504
0.000125960	+0.042725
0.000126000	+0.043702
0.000126040	+0.044434
0.000126080	+0.047120
0.000126120	+0.050049
0.000126160	+0.053223
0.000126200	+0.056885
0.000126240	+0.060547
0.000126280	+0.063477
0.000126320	+0.066651
0.000126360	+0.068604
0.000126400	+0.070557
0.000126440	+0.072510
0.000126480	+0.075196
0.000126520	+0.080079
0.000126560	+0.086426
0.000126600	+0.092530
0.000126640	+0.098145
0.000126680	+0.102784
0.000126720	+0.107178
0.000126760	+0.110840
0.000126800	+0.111817
0.000126840	+0.111329
0.000126880	+0.108643
0.000126920	+0.103516
0.000126960	+0.095948
0.000127000	+0.085206
0.000127040	+0.071290
0.000127080	+0.053711
0.000127120	+0.031739
0.000127160	+0.006592
0.000127200	-0.021728
0.000127240	-0.052001
0.000127280	-0.084472
0.000127320	-0.119140
0.000127360	-0.156005
0.000127400	-0.193603
0.000127440	-0.233154
0.000127480	-0.272949
0.000127520	-0.312988
0.000127560	-0.354736
0.000127600	-0.398681
0.000127640	-0.442871
0.000127680	-0.487548
0.000127720	-0.531250
0.000127760	-0.572753
0.000127800	-0.612060
0.000127840	-0.647705
0.000127880	-0.678955
0.000127920	-0.704345
0.000127960	-0.722900
0.000128000	-0.734863
0.000128040	-0.740234
0.000128080	-0.738037
0.000128120	-0.728271
0.000128160	-0.712158
0.000128200	-0.690429
0.000128240	-0.663085
0.000128280	-0.630371
0.000128320	-0.594726
0.000128360	-0.557373
0.000128400	-0.518798
0.000128440	-0.479736
0.000128480	-0.440917
0.000128520	-0.403564
0.000128560	-0.368408
0.000128600	-0.336425
0.000128640	-0.306152
0.000128680	-0.275634
0.000128720	-0.245849
0.000128760	-0.217041
0.000128800	-0.188476
0.000128840	-0.158447
0.000128880	-0.126464
0.000128920	-0.092529
0.000128960	-0.057373
0.000129000	-0.020751
0.000129040	+0.016602
0.000129080	+0.055665
0.000129120	+0.096436
0.000129160	+0.138672
0.000129200	+0.181885
0.000129240	+0.226075
0.000129280	+0.270508
0.000129320	+0.312012
0.000129360	+0.351319
0.000129400	+0.387696
0.000129440	+0.419678
0.000129480	+0.447266
0.000129520	+0.469483
0.000129560	+0.487061
0.000129600	+0.499512
0.000129640	+0.508790
0.000129680	+0.514405
0.000129720	+0.515870
0.000129760	+0.513184
0.000129800	+0.507813
0.000129840	+0.499268
0.000129880	+0.488526
0.000129920	+0.475831
0.000129960	+0.459961
0.000130000	+0.440918
0.000130040	+0.419434
0.000130080	+0.395752
0.000130120	+0.369385
0.000130160	+0.341309
0.000130200	+0.309815
0.000130240	+0.274903
0.000130280	+0.235840
0.000130320	+0.193604
0.000130360	+0.147706
0.000130400	+0.098145
0.000130440	+0.046143
0.000130480	-0.006591
0.000130520	-0.061767
0.000130560	-0.118408
0.000130600	-0.174560
0.000130640	-0.232177
0.000130680	-0.288574
0.000130720	-0.342773
0.000130760	-0.393798
0.000130800	-0.441650
0.000130840	-0.484863
0.000130880	-0.523437
0.000130920	-0.558349
0.000130960	-0.590087
0.000131000	-0.619140
0.000131040	-0.645996
0.000131080	-0.671142
0.000131120	-0.696044
0.000131160	-0.718505
0.000131200	-0.738037
0.000131240	-0.756591
0.000131280	-0.775878
0.000131320	-0.794433
0.000131360	-0.812255
0.000131400	-0.830566
0.000131440	-0.847900
0.000131480	-0.863525
0.000131520	-0.877197
0.000131560	-0.889160
0.000131600	-0.896728
0.000131640	-0.901367
0.000131680	-0.902099
0.000131720	-0.898437
0.000131760	-0.890136
0.000131800	-0.876953
0.000131840	-0.859130
0.000131880	-0.837646
0.000131920	-0.810791
0.000131960	-0.778564
0.000132000	-0.742187
0.000132040	-0.701416
0.000132080	-0.658935
0.000132120	-0.614257
0.000132160	-0.567626
0.000132200	-0.519531
0.000132240	-0.471923
0.000132280	-0.427001
0.000132320	-0.386718
0.000132360	-0.350585
0.000132400	-0.318359
0.000132440	-0.292236
0.000132480	-0.270751
0.000132520	-0.251708
0.000132560	-0.235839
0.000132600	-0.221435
0.000132640	-0.208984
0.000132680	-0.198730
0.000132720	-0.188720
0.000132760	-0.179443
0.000132800	-0.171386
0.000132840	-0.163818
0.000132880	-0.155517
0.000132920	-0.147216
0.000132960	-0.138183
0.000133000	-0.131591
0.000133040	-0.126708
0.000133080	-0.121582
0.000133120	-0.114746
0.000133160	-0.105712
0.000133200	-0.095947
0.000133240	-0.084716
0.000133280	-0.072753
0.000133320	-0.062011
0.000133360	-0.052246
0.000133400	-0.043457
0.000133440	-0.035400
0.000133480	-0.027832
0.000133520	-0.020751
0.000133560	-0.014160
0.000133600	-0.009277
0.000133640	-0.006347
0.000133680	-0.005371
0.000133720	-0.004394
0.000133760	-0.003173
0.000133800	-0.002685
0.000133840	-0.000732
0.000133880	+0.000977
0.000133920	+0.003663
0.000133960	+0.008545
0.000134000	+0.014649
0.000134040	+0.022217
0.000134080	+0.031495
0.000134120	+0.042237
0.000134160	+0.054200
0.000134200	+0.068360
0.000134240	+0.085206
0.000134280	+0.105713
0.000134320	+0.130372
0.000134360	+0.156983
0.000134400	+0.185303
0.000134440	+0.217042
0.000134480	+0.250977
0.000134520	+0.287842
0.000134560	+0.325440
0.000134600	+0.364014
0.000134640	+0.402588
0.000134680	+0.439454
0.000134720	+0.474366
0.000134760	+0.507081
0.000134800	+0.536377
0.000134840	+0.561280
0.000134880	+0.582276
0.000134920	+0.599854
0.000134960	+0.614991
0.000135000	+0.627198
0.000135040	+0.637452
0.000135080	+0.645752
0.000135120	+0.652833
0.000135160	+0.659913
0.000135200	+0.665528
0.000135240	+0.670167
0.000135280	+0.674073
0.000135320	+0.676026
0.000135360	+0.676514
0.000135400	+0.675538
0.000135440	+0.673829
0.000135480	+0.670899
0.000135520	+0.667969
0.000135560	+0.665040
0.000135600	+0.663575
0.000135640	+0.662354
0.000135680	+0.661133
0.000135720	+0.659668
0.000135760	+0.659424
0.000135800	+0.659424
0.000135840	+0.659180
0.000135880	+0.657715
0.000135920	+0.654053
0.000135960	+0.648682
0.000136000	+0.640137
0.000136040	+0.628907
0.000136080	+0.614747
0.000136120	+0.600342
0.000136160	+0.585938
0.000136200	+0.570801
0.000136240	+0.555176
0.000136280	+0.540040
0.000136320	+0.524903
0.000136360	+0.509522
0.000136400	+0.493165
0.000136440	+0.475098
0.000136480	+0.456299
0.000136520	+0.436036
0.000136560	+0.415528
0.000136600	+0.395020
0.000136640	+0.375489
0.000136680	+0.356202
0.000136720	+0.337891
0.000136760	+0.320313
0.000136800	+0.306153
0.000136840	+0.295411
0.000136880	+0.288575
0.000136920	+0.286133
0.000136960	+0.288086
0.000137000	+0.293702
0.000137040	+0.303711
0.000137080	+0.318116
0.000137120	+0.336670
0.000137160	+0.358155
0.000137200	+0.381348
0.000137240	+0.406006
0.000137280	+0.431153
0.000137320	+0.455567
0.000137360	+0.479249
0.000137400	+0.501465
0.000137440	+0.520020
0.000137480	+0.533204
0.000137520	+0.542237
0.000137560	+0.546875
0.000137600	+0.547364
0.000137640	+0.544678
0.000137680	+0.537842
0.000137720	+0.526368
0.000137760	+0.511231
0.000137800	+0.493409
0.000137840	+0.472168
0.000137880	+0.448975
0.000137920	+0.424073
0.000137960	+0.395752
0.000138000	+0.364991
0.000138040	+0.333252
0.000138080	+0.301270
0.000138120	+0.268311
0.000138160	+0.236084
0.000138200	+0.203370
0.000138240	+0.171875
0.000138280	+0.141358
0.000138320	+0.112061
0.000138360	+0.084717
0.000138400	+0.059571
0.000138440	+0.034180
0.000138480	+0.009278
0.000138520	-0.015136
0.000138560	-0.040039
0.000138600	-0.065429
0.000138640	-0.092285
0.000138680	-0.119628
0.000138720	-0.148193
0.000138760	-0.178466
0.000138800	-0.208984
0.000138840	-0.239501
0.000138880	-0.270019
0.000138920	-0.300292
0.000138960	-0.329345
0.000139000	-0.356201
0.000139040	-0.381103
0.000139080	-0.403320
0.000139120	-0.420898
0.000139160	-0.432617
0.000139200	-0.436767
0.000139240	-0.434570
0.000139280	-0.424804
0.000139320	-0.407714
0.000139360	-0.383789
0.000139400	-0.352539
0.000139440	-0.313964
0.000139480	-0.270996
0.000139520	-0.224853
0.000139560	-0.175781
0.000139600	-0.125244
0.000139640	-0.073486
0.000139680	-0.021972
0.000139720	+0.028077
0.000139760	+0.075196
0.000139800	+0.119629
0.000139840	+0.159180
0.000139880	+0.193116
0.000139920	+0.222901
0.000139960	+0.248780
0.000140000	+0.270752
0.000140040	+0.287842
0.000140080	+0.299561
0.000140120	+0.307618
0.000140160	+0.311524
0.000140200	+0.313477
0.000140240	+0.315430
0.000140280	+0.316895
0.000140320	+0.316407
0.000140360	+0.313721
0.000140400	+0.309571
0.000140440	+0.302979
0.000140480	+0.293702
0.000140520	+0.283448
0.000140560	+0.271241
0.000140600	+0.256104
0.000140640	+0.240967
0.000140680	+0.224854
0.000140720	+0.207764
0.000140760	+0.190674
0.000140800	+0.174073
0.000140840	+0.158448
0.000140880	+0.144532
0.000140920	+0.131592
0.000140960	+0.120362
0.000141000	+0.110840
0.000141040	+0.105713
0.000141080	+0.103760
0.000141120	+0.104249
0.000141160	+0.108155
0.000141200	+0.114747
0.000141240	+0.125489
0.000141280	+0.139649
0.000141320	+0.157227
0.000141360	+0.178467
0.000141400	+0.202637
0.000141440	+0.230469
0.000141480	+0.262940
0.000141520	+0.298340
0.000141560	+0.335694
0.000141600	+0.375245
0.000141640	+0.416016
0.000141680	+0.457520
0.000141720	+0.499024
0.000141760	+0.539795
0.000141800	+0.579834
0.000141840	+0.616456
0.000141880	+0.649903
0.000141920	+0.677735
0.000141960	+0.700684
0.000142000	+0.717286
0.000142040	+0.728272
0.000142080	+0.732911
0.000142120	+0.730958
0.000142160	+0.723389
0.000142200	+0.708497
0.000142240	+0.685303
0.000142280	+0.654786
0.000142320	+0.619385
0.000142360	+0.578125
0.000142400	+0.531495
0.000142440	+0.479981
0.000142480	+0.423829
0.000142520	+0.364991
0.000142560	+0.305420
0.000142600	+0.245850
0.000142640	+0.185547
0.000142680	+0.124268
0.000142720	+0.062500
0.000142760	+0.001465
0.000142800	-0.058349
0.000142840	-0.117431
0.000142880	-0.175537
0.000142920	-0.230224
0.000142960	-0.280761
0.000143000	-0.328857
0.000143040	-0.374511
0.000143080	-0.416748
0.000143120	-0.456298
0.000143160	-0.492187
0.000143200	-0.524658
0.000143240	-0.556396
0.000143280	-0.586425
0.000143320	-0.614746
0.000143360	-0.640380
0.000143400	-0.664306
0.000143440	-0.686035
0.000143480	-0.706787
0.000143520	-0.723632
0.000143560	-0.733886
0.000143600	-0.738037
0.000143640	-0.736572
0.000143680	-0.730468
0.000143720	-0.719726
0.000143760	-0.705322
0.000143800	-0.688964
0.000143840	-0.671142
0.000143880	-0.653076
0.000143920	-0.635498
0.000143960	-0.619628
0.000144000	-0.605712
0.000144040	-0.593994
0.000144080	-0.585693
0.000144120	-0.579833
0.000144160	-0.577636
0.000144200	-0.577880
0.000144240	-0.579833
0.000144280	-0.582763
0.000144320	-0.585449
0.000144360	-0.588623
0.000144400	-0.592041
0.000144440	-0.593750
0.000144480	-0.593994
0.000144520	-0.591308
0.000144560	-0.585693
0.000144600	-0.577148
0.000144640	-0.566406
0.000144680	-0.554443
0.000144720	-0.541992
0.000144760	-0.529052
0.000144800	-0.517578
0.000144840	-0.509033
0.000144880	-0.505126
0.000144920	-0.504394
0.000144960	-0.507324
0.000145000	-0.514160
0.000145040	-0.524658
0.000145080	-0.538574
0.000145120	-0.555664
0.000145160	-0.575195
0.000145200	-0.596679
0.000145240	-0.619140
0.000145280	-0.642333
0.000145320	-0.665771
0.000145360	-0.687744
0.000145400	-0.708740
0.000145440	-0.728271
0.000145480	-0.746093
0.000145520	-0.762207
0.000145560	-0.775390
0.000145600	-0.784667
0.000145640	-0.791748
0.000145680	-0.796875
0.000145720	-0.798583
0.000145760	-0.796630
0.000145800	-0.791748
0.000145840	-0.782470
0.000145880	-0.770263
0.000145920	-0.756835
0.000145960	-0.741943
0.000146000	-0.726074
0.000146040	-0.709960
0.000146080	-0.693603
0.000146120	-0.676757
0.000146160	-0.660644
0.000146200	-0.646484
0.000146240	-0.633544
0.000146280	-0.620849
0.000146320	-0.608154
0.000146360	-0.595703
0.000146400	-0.583496
0.000146440	-0.571777
0.000146480	-0.559326
0.000146520	-0.546386
0.000146560	-0.532470
0.000146600	-0.518066
0.000146640	-0.503417
0.000146680	-0.489257
0.000146720	-0.473144
0.000146760	-0.456298
0.000146800	-0.438720
0.000146840	-0.421630
0.000146880	-0.405029
0.000146920	-0.386474
0.000146960	-0.366943
0.000147000	-0.345947
0.000147040	-0.322998
0.000147080	-0.298583
0.000147120	-0.272949
0.000147160	-0.247314
0.000147200	-0.221191
0.000147240	-0.194824
0.000147280	-0.167236
0.000147320	-0.138427
0.000147360	-0.109375
0.000147400	-0.080810
0.000147440	-0.053710
0.000147480	-0.028076
0.000147520	-0.005859
0.000147560	+0.012696
0.000147600	+0.029053
0.000147640	+0.042725
0.000147680	+0.052979
0.000147720	+0.061280
0.000147760	+0.068604
0.000147800	+0.075196
0.000147840	+0.081299
0.000147880	+0.086915
0.000147920	+0.092774
0.000147960	+0.098877
0.000148000	+0.107422
0.000148040	+0.116700
0.000148080	+0.127442
0.000148120	+0.138428
0.000148160	+0.151124
0.000148200	+0.163086
0.000148240	+0.173584
0.000148280	+0.182862
0.000148320	+0.190186
0.000148360	+0.196290
0.000148400	+0.201417
0.000148440	+0.205079
0.000148480	+0.208008
0.000148520	+0.208985
0.000148560	+0.208741
0.000148600	+0.208008
0.000148640	+0.206788
0.000148680	+0.206055
0.000148720	+0.206788
0.000148760	+0.209229
0.000148800	+0.213868
0.000148840	+0.219971
0.000148880	+0.226075
0.000148920	+0.233399
0.000148960	+0.240479
0.000149000	+0.246094
0.000149040	+0.249756
0.000149080	+0.252198
0.000149120	+0.252930
0.000149160	+0.252198
0.000149200	+0.250489
0.000149240	+0.247559
0.000149280	+0.243653
0.000149320	+0.239258
0.000149360	+0.233643
0.000149400	+0.226319
0.000149440	+0.216065
0.000149480	+0.202393
0.000149520	+0.184815
0.000149560	+0.163331
0.000149600	+0.138428
0.000149640	+0.109620
0.000149680	+0.077149
0.000149720	+0.041504
0.000149760	+0.003907
0.000149800	-0.034912
0.000149840	-0.074462
0.000149880	-0.114013
0.000149920	-0.154541
0.000149960	-0.195312
0.000150000	-0.233642
0.000150040	-0.269042
0.000150080	-0.300048
0.000150120	-0.326904
0.000150160	-0.349609
0.000150200	-0.366455
0.000150240	-0.376464
0.000150280	-0.379394
0.000150320	-0.377197
0.000150360	-0.370605
0.000150400	-0.359619
0.000150440	-0.343994
0.000150480	-0.325195
0.000150520	-0.303466
0.000150560	-0.280761
0.000150600	-0.255371
0.000150640	-0.227294
0.000150680	-0.198486
0.000150720	-0.168701
0.000150760	-0.139404
0.000150800	-0.109863
0.000150840	-0.079345
0.000150880	-0.048828
0.000150920	-0.019287
0.000150960	+0.009522
0.000151000	+0.036133
0.000151040	+0.059815
0.000151080	+0.078370
0.000151120	+0.092774
0.000151160	+0.104004
0.000151200	+0.111817
0.000151240	+0.115479
0.000151280	+0.115235
0.000151320	+0.112793
0.000151360	+0.109620
0.000151400	+0.106202
0.000151440	+0.099366
0.000151480	+0.092774
0.000151520	+0.088379
0.000151560	+0.087159
0.000151600	+0.090333
0.000151640	+0.097901
0.000151680	+0.106446
0.000151720	+0.115723
0.000151760	+0.126465
0.000151800	+0.137696
0.000151840	+0.148926
0.000151880	+0.158936
0.000151920	+0.168458
0.000151960	+0.178711
0.000152000	+0.188965
0.000152040	+0.199219
0.000152080	+0.208497
0.000152120	+0.216309
0.000152160	+0.223145
0.000152200	+0.228272
0.000152240	+0.232667
0.000152280	+0.235352
0.000152320	+0.237305
0.000152360	+0.239747
0.000152400	+0.241456
0.000152440	+0.243165
0.000152480	+0.245362
0.000152520	+0.246583
0.000152560	+0.248292
0.000152600	+0.248047
0.000152640	+0.244874
0.000152680	+0.239014
0.000152720	+0.229737
0.000152760	+0.218018
0.000152800	+0.204346
0.000152840	+0.187989
0.000152880	+0.169190
0.000152920	+0.150391
0.000152960	+0.133545
0.000153000	+0.117432
0.000153040	+0.102784
0.000153080	+0.089356
0.000153120	+0.078370
0.000153160	+0.069825
0.000153200	+0.065186
0.000153240	+0.063477
0.000153280	+0.063233
0.000153320	+0.064454
0.000153360	+0.066163
0.000153400	+0.066895
0.000153440	+0.065430
0.000153480	+0.061036
0.000153520	+0.051758
0.000153560	+0.038331
0.000153600	+0.020508
0.000153640	-0.001464
0.000153680	-0.029052
0.000153720	-0.061035
0.000153760	-0.096679
0.000153800	-0.133056
0.000153840	-0.169677
0.000153880	-0.204589
0.000153920	-0.237304
0.000153960	-0.266845
0.000154000	-0.292724
0.000154040	-0.313964
0.000154080	-0.330078
0.000154120	-0.341064
0.000154160	-0.346679
0.000154200	-0.348144
0.000154240	-0.345947
0.000154280	-0.341308
0.000154320	-0.334228
0.000154360	-0.324951
0.000154400	-0.313964
0.000154440	-0.301025
0.000154480	-0.285888
0.000154520	-0.267578
0.000154560	-0.245849
0.000154600	-0.219726
0.000154640	-0.189941
0.000154680	-0.155761
0.000154720	-0.118164
0.000154760	-0.077392
0.000154800	-0.033447
0.000154840	+0.012940
0.000154880	+0.062012
0.000154920	+0.112793
0.000154960	+0.165528
0.000155000	+0.219483
0.000155040	+0.272461
0.000155080	+0.323487
0.000155120	+0.371094
0.000155160	+0.413331
0.000155200	+0.450440
0.000155240	+0.480225
0.000155280	+0.503174
0.000155320	+0.519043
0.000155360	+0.527100
0.000155400	+0.527100
0.000155440	+0.520508
0.000155480	+0.507081
0.000155520	+0.488282
0.000155560	+0.465088
0.000155600	+0.438233
0.000155640	+0.408692
0.000155680	+0.376221
0.000155720	+0.342286
0.000155760	+0.306397
0.000155800	+0.269288
0.000155840	+0.230958
0.000155880	+0.191651
0.000155920	+0.151124
0.000155960	+0.109375
0.000156000	+0.067627
0.000156040	+0.026856
0.000156080	-0.013427
0.000156120	-0.052734
0.000156160	-0.091064
0.000156200	-0.129150
0.000156240	-0.166748
0.000156280	-0.203857
0.000156320	-0.240722
0.000156360	-0.275390
0.000156400	-0.310791
0.000156440	-0.346679
0.000156480	-0.383056
0.000156520	-0.418945
0.000156560	-0.453369
0.000156600	-0.484130
0.000156640	-0.513671
0.000156680	-0.541748
0.000156720	-0.566650
0.000156760	-0.587158
0.000156800	-0.602783
0.000156840	-0.614746
0.000156880	-0.621337
0.000156920	-0.622070
0.000156960	-0.618652
0.000157000	-0.612060
0.000157040	-0.601562
0.000157080	-0.587158
0.000157120	-0.570312
0.000157160	-0.552246
0.000157200	-0.533447
0.000157240	-0.515136
0.000157280	-0.497314
0.000157320	-0.479980
0.000157360	-0.463623
0.000157400	-0.447998
0.000157440	-0.433593
0.000157480	-0.419677
0.000157520	-0.406982
0.000157560	-0.394287
0.000157600	-0.381835
0.000157640	-0.369873
0.000157680	-0.357910
0.000157720	-0.346679
0.000157760	-0.335449
0.000157800	-0.323974
0.000157840	-0.313964
0.000157880	-0.306152
0.000157920	-0.300292
0.000157960	-0.294921
0.000158000	-0.289794
0.000158040	-0.284912
0.000158080	-0.281005
0.000158120	-0.277343
0.000158160	-0.273681
0.000158200	-0.270507
0.000158240	-0.267089
0.000158280	-0.262939
0.000158320	-0.255859
0.000158360	-0.246337
0.000158400	-0.233642
0.000158440	-0.218017
0.000158480	-0.198486
0.000158520	-0.174072
0.000158560	-0.146240
0.000158600	-0.112792
0.000158640	-0.075927
0.000158680	-0.035644
0.000158720	+0.009034
0.000158760	+0.057862
0.000158800	+0.108643
0.000158840	+0.161377
0.000158880	+0.215088
0.000158920	+0.267823
0.000158960	+0.319092
0.000159000	+0.367432
0.000159040	+0.411133
0.000159080	+0.448487
0.000159120	+0.479004
0.000159160	+0.504883
0.000159200	+0.524659
0.000159240	+0.538819
0.000159280	+0.545411
0.000159320	+0.545167
0.000159360	+0.539307
0.000159400	+0.528809
0.000159440	+0.515137
0.000159480	+0.498780
0.000159520	+0.481446
0.000159560	+0.464600
0.000159600	+0.447754
0.000159640	+0.431397
0.000159680	+0.416993
0.000159720	+0.405518
0.000159760	+0.397217
0.000159800	+0.392579
0.000159840	+0.393067
0.000159880	+0.398926
0.000159920	+0.409424
0.000159960	+0.424805
0.000160000	+0.444581
0.000160040	+0.467530
0.000160080	+0.493409
0.000160120	+0.521973
0.000160160	+0.552735
0.000160200	+0.584473
0.000160240	+0.615723
0.000160280	+0.644776
0.000160320	+0.669922
0.000160360	+0.689454
0.000160400	+0.703370
0.000160440	+0.712403
0.000160480	+0.717286
0.000160520	+0.718995
0.000160560	+0.715333
0.000160600	+0.708497
0.000160640	+0.699219
0.000160680	+0.688477
0.000160720	+0.676026
0.000160760	+0.661622
0.000160800	+0.645752
0.000160840	+0.629151
0.000160880	+0.612061
0.000160920	+0.593262
0.000160960	+0.572999
0.000161000	+0.550782
0.000161040	+0.527588
0.000161080	+0.504151
0.000161120	+0.479737
0.000161160	+0.453858
0.000161200	+0.427491
0.000161240	+0.401124
0.000161280	+0.373292
0.000161320	+0.345704
0.000161360	+0.318360
0.000161400	+0.291749
0.000161440	+0.265870
0.000161480	+0.240723
0.000161520	+0.215821
0.000161560	+0.191407
0.000161600	+0.166504
0.000161640	+0.141358
0.000161680	+0.117432
0.000161720	+0.094483
0.000161760	+0.072754
0.000161800	+0.054932
0.000161840	+0.040528
0.000161880	+0.028321
0.000161920	+0.017579
0.000161960	+0.007325
0.000162000	-0.003662
0.000162040	-0.014648
0.000162080	-0.025390
0.000162120	-0.036865
0.000162160	-0.050292
0.000162200	-0.066406
0.000162240	-0.083007
0.000162280	-0.099609
0.000162320	-0.116943
0.000162360	-0.134765
0.000162400	-0.154296
0.000162440	-0.175292
0.000162480	-0.196777
0.000162520	-0.218505
0.000162560	-0.239746
0.000162600	-0.258300
0.000162640	-0.275634
0.000162680	-0.290527
0.000162720	-0.302734
0.000162760	-0.309570
0.000162800	-0.310791
0.000162840	-0.305908
0.000162880	-0.296142
0.000162920	-0.282958
0.000162960	-0.266601
0.000163000	-0.246093
0.000163040	-0.222167
0.000163080	-0.195800
0.000163120	-0.168457
0.000163160	-0.140380
0.000163200	-0.111816
0.000163240	-0.084716
0.000163280	-0.060058
0.000163320	-0.038330
0.000163360	-0.019287
0.000163400	-0.004638
0.000163440	+0.006104
0.000163480	+0.012940
0.000163520	+0.015870
0.000163560	+0.015381
0.000163600	+0.012696
0.000163640	+0.008545
0.000163680	+0.002442
0.000163720	-0.005615
0.000163760	-0.015625
0.000163800	-0.025390
