Gary Olhoeft, GPGN210
April 11, 2006
Spring and dashpot in parallel
nx1=2500 
dx1=0.002 s
fx1=0.000 s
f=
0.789999962
0.810000002
0.829999983
0.829999983
0.849999964
0.829999983
0.789999962
0.789999962
0.789999962
0.829999983
0.810000002
0.849999964
0.829999983
0.75
0.810000002
0.829999983
0.789999962
0.810000002
0.829999983
0.789999962
0.829999983
0.810000002
0.789999962
0.789999962
0.829999983
0.789999962
0.829999983
0.789999962
0.829999983
0.810000002
0.810000002
0.829999983
0.829999983
0.789999962
0.789999962
0.829999983
0.789999962
0.810000002
0.829999983
0.789999962
0.810000002
0.789999962
0.789999962
0.810000002
0.789999962
0.810000002
0.75
0.829999983
0.810000002
0.789999962
0.829999983
0.810000002
0.849999964
0.829999983
0.829999983
0.789999962
0.810000002
0.789999962
0.829999983
0.789999962
0.849999964
0.829999983
0.810000002
0.829999983
0.870000005
0.810000002
0.789999962
0.789999962
0.810000002
0.810000002
0.810000002
0.849999964
0.789999962
0.789999962
0.870000005
0.829999983
0.829999983
0.789999962
0.829999983
0.75
0.789999962
0.810000002
0.789999962
0.75
0.849999964
0.829999983
0.789999962
0.849999964
0.810000002
0.829999983
0.789999962
0.829999983
0.829999983
0.829999983
0.849999964
0.789999962
0.829999983
0.849999964
0.829999983
0.789999962
0.829999983
0.829999983
0.789999962
0.810000002
0.849999964
0.789999962
0.789999962
0.829999983
0.829999983
0.829999983
0.789999962
0.789999962
0.789999962
0.789999962
0.829999983
0.829999983
0.810000002
0.810000002
0.810000002
0.810000002
0.829999983
0.789999962
0.789999962
0.789999962
0.849999964
0.829999983
1.149999976
0.50999999
0.810000002
0.829999983
0.789999962
0.829999983
0.769999981
0.829999983
0.829999983
0.829999983
0.829999983
0.810000002
0.810000002
0.829999983
0.789999962
0.829999983
0.849999964
0.829999983
0.849999964
0.75
0.829999983
0.870000005
0.810000002
0.789999962
0.810000002
0.789999962
0.810000002
0.810000002
0.789999962
0.789999962
0.810000002
0.829999983
0.829999983
0.810000002
0.789999962
0.829999983
0.789999962
0.810000002
0.829999983
0.789999962
0.829999983
0.829999983
0.810000002
0.75
0.849999964
0.789999962
0.810000002
0.789999962
0.849999964
0.789999962
0.810000002
0.810000002
0.75
0.810000002
0.810000002
0.829999983
0.789999962
0.789999962
0.829999983
0.829999983
0.789999962
0.829999983
0.849999964
0.829999983
0.829999983
0.829999983
0.789999962
0.810000002
0.810000002
0.789999962
0.769999981
0.810000002
0.829999983
0.810000002
0.789999962
0.810000002
0.810000002
0.829999983
0.810000002
0.75
0.829999983
0.829999983
0.829999983
0.810000002
0.829999983
0.789999962
0.829999983
0.829999983
0.810000002
0.789999962
0.789999962
0.810000002
0.849999964
0.829999983
0.810000002
0.789999962
0.810000002
0.829999983
0.829999983
0.789999962
0.789999962
0.849999964
0.789999962
0.789999962
0.810000002
0.829999983
0.829999983
0.810000002
0.849999964
0.829999983
0.829999983
0.810000002
0.789999962
0.810000002
0.829999983
0.810000002
0.789999962
0.849999964
0.789999962
0.789999962
0.789999962
0.829999983
0.829999983
0.810000002
0.870000005
0.789999962
0.810000002
0.789999962
0.829999983
0.789999962
0.849999964
0.829999983
0.810000002
0.789999962
0.789999962
0.789999962
0.789999962
0.810000002
0.849999964
0.849999964
0.810000002
0.829999983
0.829999983
0.849999964
0.810000002
0.829999983
0.810000002
0.829999983
0.829999983
0.789999962
0.849999964
0.789999962
0.810000002
0.810000002
0.810000002
0.810000002
0.810000002
0.849999964
0.789999962
0.810000002
0.789999962
0.810000002
0.789999962
0.849999964
0.789999962
0.849999964
0.810000002
0.829999983
0.810000002
0.829999983
0.810000002
0.789999962
0.829999983
0.810000002
0.789999962
0.810000002
0.810000002
0.810000002
0.789999962
0.789999962
0.810000002
0.810000002
0.810000002
0.829999983
0.789999962
0.829999983
0.849999964
0.810000002
0.789999962
0.829999983
0.810000002
0.849999964
0.810000002
0.810000002
0.810000002
0.810000002
0.829999983
0.829999983
0.829999983
0.810000002
0.810000002
0.789999962
0.789999962
0.829999983
0.769999981
0.789999962
0.829999983
0.829999983
1.00999999
0.829999983
0.829999983
0.789999962
0.829999983
0.810000002
0.789999962
0.810000002
0.829999983
0.789999962
0.789999962
0.829999983
0.829999983
0.769999981
0.829999983
0.829999983
0.810000002
0.849999964
0.789999962
0.829999983
0.789999962
0.810000002
0.829999983
0.789999962
0.810000002
0.849999964
0.810000002
0.810000002
0.849999964
0.789999962
0.810000002
0.789999962
0.829999983
0.849999964
0.810000002
0.789999962
0.789999962
0.810000002
0.810000002
0.810000002
0.829999983
0.849999964
0.75
0.810000002
0.810000002
0.829999983
0.789999962
0.829999983
0.789999962
0.849999964
0.810000002
0.789999962
0.829999983
0.789999962
0.789999962
0.829999983
0.829999983
0.829999983
0.789999962
0.789999962
0.849999964
0.789999962
0.789999962
0.810000002
0.829999983
0.810000002
0.829999983
0.810000002
0.789999962
0.789999962
0.789999962
0.789999962
0.810000002
0.829999983
0.829999983
0.829999983
0.789999962
0.829999983
0.789999962
0.789999962
0.810000002
0.829999983
0.870000005
0.849999964
0.829999983
0.810000002
0.789999962
0.829999983
0.849999964
0.849999964
0.810000002
0.829999983
0.849999964
0.829999983
0.829999983
0.789999962
0.789999962
0.849999964
0.829999983
0.789999962
0.789999962
0.789999962
0.789999962
0.810000002
0.810000002
0.829999983
0.810000002
0.829999983
0.769999981
0.849999964
0.810000002
0.789999962
0.810000002
0.789999962
0.810000002
0.849999964
0.849999964
0.789999962
0.829999983
0.810000002
0.829999983
0.810000002
0.829999983
0.789999962
0.829999983
0.810000002
0.849999964
0.829999983
0.789999962
0.810000002
0.789999962
0.829999983
0.849999964
0.829999983
0.829999983
0.829999983
0.789999962
0.829999983
0.829999983
0.849999964
0.810000002
0.829999983
0.789999962
0.810000002
0.810000002
0.789999962
0.829999983
0.829999983
0.810000002
0.810000002
0.829999983
0.829999983
0.789999962
0.789999962
0.849999964
0.810000002
0.789999962
0.849999964
0.829999983
0.810000002
0.870000005
0.789999962
0.810000002
0.849999964
0.829999983
0.829999983
0.789999962
0.829999983
0.789999962
0.849999964
0.849999964
0.810000002
0.829999983
0.829999983
0.769999981
0.810000002
0.829999983
0.810000002
0.789999962
0.810000002
0.810000002
0.829999983
0.829999983
0.810000002
0.810000002
0.769999981
0.829999983
0.829999983
0.789999962
0.829999983
0.810000002
0.829999983
0.810000002
0.789999962
0.829999983
0.829999983
0.829999983
0.849999964
0.789999962
0.810000002
0.789999962
0.810000002
0.789999962
0.829999983
0.810000002
0.829999983
0.849999964
0.829999983
0.849999964
0.810000002
0.829999983
0.769999981
0.810000002
0.829999983
0.849999964
0.829999983
0.810000002
0.810000002
0.810000002
0.810000002
0.849999964
0.810000002
0.829999983
0.829999983
0.810000002
0.810000002
0.849999964
0.789999962
0.789999962
0.829999983
0.810000002
0.829999983
0.810000002
0.810000002
0.789999962
0.829999983
0.829999983
0.829999983
0.829999983
0.810000002
0.789999962
0.829999983
0.789999962
0.849999964
0.810000002
0.829999983
0.829999983
0.810000002
0.849999964
0.789999962
0.789999962
0.789999962
0.829999983
0.810000002
0.829999983
0.789999962
0.849999964
0.810000002
0.810000002
0.810000002
0.789999962
0.829999983
0.789999962
0.829999983
0.849999964
0.849999964
0.769999981
0.789999962
0.829999983
0.810000002
0.789999962
0.789999962
0.789999962
0.810000002
0.789999962
0.789999962
0.829999983
0.810000002
0.810000002
0.829999983
0.829999983
0.810000002
0.829999983
0.789999962
0.829999983
0.829999983
0.810000002
0.789999962
0.810000002
0.810000002
0.829999983
0.810000002
0.810000002
0.789999962
0.829999983
0.789999962
0.789999962
0.849999964
0.829999983
0.870000005
0.789999962
0.849999964
0.789999962
0.789999962
0.789999962
0.810000002
0.789999962
0.789999962
0.810000002
0.810000002
0.810000002
0.789999962
0.829999983
0.849999964
0.829999983
0.849999964
0.810000002
0.789999962
0.829999983
0.829999983
0.810000002
0.829999983
0.849999964
0.829999983
0.789999962
0.789999962
0.789999962
0.829999983
0.789999962
0.849999964
0.789999962
0.849999964
0.789999962
0.810000002
0.810000002
0.810000002
0.810000002
0.629999995
0.849999964
0.769999981
0.810000002
0.810000002
0.849999964
0.789999962
0.810000002
0.829999983
0.829999983
0.829999983
0.829999983
0.810000002
0.810000002
0.789999962
0.789999962
0.829999983
0.829999983
0.829999983
0.769999981
0.789999962
0.810000002
0.789999962
0.810000002
0.810000002
0.829999983
0.849999964
0.829999983
0.810000002
0.829999983
0.789999962
0.829999983
0.810000002
0.789999962
0.810000002
0.789999962
0.829999983
0.829999983
0.829999983
0.810000002
0.789999962
0.789999962
0.829999983
0.810000002
0.810000002
0.810000002
0.789999962
0.829999983
0.789999962
0.829999983
0.829999983
0.810000002
0.789999962
0.829999983
0.829999983
0.789999962
0.810000002
0.849999964
0.810000002
0.849999964
0.829999983
0.849999964
0.789999962
0.829999983
0.829999983
0.810000002
0.829999983
0.829999983
0.789999962
0.829999983
0.829999983
0.789999962
0.769999981
0.829999983
0.810000002
0.810000002
0.849999964
0.829999983
0.829999983
0.810000002
0.829999983
0.789999962
0.829999983
0.789999962
0.829999983
0.789999962
0.810000002
0.810000002
0.810000002
0.849999964
0.829999983
0.849999964
0.810000002
0.849999964
0.829999983
0.789999962
0.789999962
0.849999964
0.789999962
0.810000002
0.810000002
0.789999962
0.769999981
0.810000002
0.810000002
0.50999999
0.849999964
0.789999962
0.789999962
0.789999962
0.810000002
0.810000002
0.829999983
0.789999962
0.829999983
0.829999983
0.829999983
0.789999962
0.789999962
0.829999983
0.810000002
0.769999981
0.810000002
0.829999983
0.829999983
0.829999983
0.810000002
0.769999981
0.810000002
0.849999964
0.789999962
0.810000002
0.789999962
0.829999983
0.789999962
0.829999983
0.789999962
0.849999964
0.789999962
0.829999983
0.849999964
0.789999962
0.810000002
0.810000002
0.810000002
0.789999962
0.829999983
0.789999962
0.810000002
0.810000002
0.810000002
0.829999983
0.810000002
0.810000002
0.789999962
0.810000002
0.810000002
0.849999964
0.810000002
0.849999964
0.849999964
0.810000002
0.829999983
0.810000002
0.849999964
0.829999983
0.789999962
0.75
0.829999983
0.810000002
0.849999964
0.789999962
0.849999964
0.829999983
0.769999981
0.789999962
0.789999962
0.829999983
0.789999962
0.829999983
0.870000005
0.810000002
0.829999983
0.789999962
0.810000002
0.829999983
0.789999962
0.789999962
0.810000002
0.810000002
0.829999983
0.829999983
0.789999962
0.810000002
0.810000002
0.789999962
0.789999962
0.829999983
0.789999962
0.810000002
0.789999962
0.810000002
0.829999983
0.810000002
0.789999962
0.810000002
0.810000002
0.789999962
0.829999983
0.810000002
0.849999964
0.829999983
0.789999962
0.810000002
0.829999983
0.789999962
0.810000002
0.829999983
0.789999962
0.789999962
0.789999962
0.829999983
0.789999962
0.829999983
0.810000002
0.849999964
0.810000002
0.789999962
0.829999983
0.829999983
0.789999962
0.829999983
0.829999983
0.75
0.789999962
0.849999964
0.810000002
0.789999962
0.75
0.909999967
0.810000002
0.829999983
0.829999983
0.810000002
0.810000002
0.789999962
0.789999962
0.810000002
0.789999962
0.789999962
0.789999962
0.829999983
0.789999962
0.789999962
0.810000002
0.829999983
0.829999983
0.810000002
0.789999962
0.789999962
0.810000002
0.789999962
0.789999962
0.789999962
0.789999962
0.789999962
0.769999981
0.789999962
0.789999962
0.789999962
0.789999962
0.789999962
0.789999962
0.789999962
0.789999962
0.789999962
0.810000002
0.789999962
0.769999981
0.810000002
0.769999981
0.789999962
0.810000002
0.789999962
0.789999962
0.789999962
0.769999981
0.789999962
0.789999962
0.769999981
0.789999962
0.789999962
0.75
0.769999981
0.789999962
0.789999962
0.769999981
0.75
0.789999962
0.75
0.789999962
0.769999981
0.75
0.769999981
0.75
0.75
0.75
0.709999979
0.669999957
0.669999957
0.610000014
0.649999976
0.669999957
0.649999976
0.669999957
0.649999976
0.629999995
0.610000014
0.610000014
0.610000014
0.610000014
0.610000014
0.629999995
0.649999976
0.629999995
0.589999974
0.669999957
0.610000014
0.629999995
0.569999993
0.589999974
0.610000014
0.569999993
0.529999971
0.589999974
0.610000014
0.50999999
0.569999993
0.589999974
0.589999974
0.529999971
0.569999993
0.550000012
0.569999993
0.569999993
0.550000012
0.529999971
0.569999993
0.550000012
0.529999971
0.529999971
0.569999993
0.529999971
0.50999999
0.529999971
0.529999971
0.550000012
0.50999999
0.529999971
0.50999999
0.529999971
0.50999999
0.50999999
0.50999999
0.529999971
0.429999977
0.48999998
0.50999999
0.50999999
0.449999988
0.48999998
0.529999971
0.529999971
0.48999998
0.469999999
0.48999998
0.469999999
0.48999998
0.469999999
0.48999998
0.48999998
0.48999998
0.469999999
0.50999999
0.469999999
0.429999977
0.449999988
0.449999988
0.48999998
0.48999998
0.48999998
0.449999988
0.469999999
0.48999998
0.469999999
0.449999988
0.449999988
0.449999988
0.409999996
0.429999977
0.469999999
0.469999999
0.389999986
0.429999977
0.429999977
0.449999988
0.429999977
0.389999986
0.469999999
0.389999986
0.409999996
0.429999977
0.409999996
0.409999996
0.409999996
0.409999996
0.409999996
0.409999996
0.389999986
0.389999986
0.409999996
0.389999986
0.409999996
0.389999986
0.349999994
0.389999986
0.389999986
0.370000005
0.389999986
0.349999994
0.389999986
0.349999994
0.389999986
0.389999986
0.349999994
0.349999994
0.349999994
0.370000005
0.349999994
0.389999986
0.349999994
0.389999986
0.349999994
0.349999994
0.370000005
0.349999994
0.349999994
0.349999994
0.310000002
0.349999994
0.349999994
0.349999994
0.349999994
0.349999994
0.349999994
0.310000002
0.349999994
0.349999994
0.310000002
0.329999983
0.310000002
0.349999994
0.329999983
0.310000002
0.289999992
0.329999983
0.310000002
0.310000002
0.289999992
0.310000002
0.289999992
0.289999992
0.310000002
0.310000002
0.289999992
0.269999981
0.269999981
0.310000002
0.310000002
0.289999992
0.289999992
0.310000002
0.310000002
0.289999992
0.269999981
0.269999981
0.310000002
0.269999981
0.289999992
0.289999992
0.269999981
0.25
0.209999993
0.269999981
0.289999992
0.269999981
0.25
0.229999989
0.25
0.289999992
0.269999981
0.269999981
0.269999981
0.269999981
0.229999989
0.25
0.269999981
0.189999998
0.209999993
0.25
0.269999981
0.25
0.209999993
0.229999989
0.25
0.269999981
0.209999993
0.229999989
0.269999981
0.269999981
0.25
0.209999993
0.269999981
0.25
0.209999993
0.229999989
0.269999981
0.209999993
0.209999993
0.209999993
0.170000002
0.209999993
0.209999993
0.209999993
0.189999998
0.25
0.209999993
0.209999993
0.189999998
0.229999989
0.229999989
0.170000002
0.229999989
0.209999993
0.229999989
0.189999998
0.209999993
0.209999993
0.209999993
0.209999993
0.189999998
0.209999993
0.209999993
0.149999991
0.189999998
0.209999993
0.209999993
0.170000002
0.189999998
0.209999993
0.189999998
0.170000002
0.209999993
0.149999991
0.189999998
0.209999993
0.170000002
0.170000002
0.209999993
0.170000002
0.170000002
0.209999993
0.149999991
0.209999993
0.170000002
0.189999998
0.170000002
0.170000002
0.149999991
0.209999993
0.189999998
0.170000002
0.149999991
0.170000002
0.170000002
0.189999998
0.170000002
0.170000002
0.189999998
0.170000002
0.129999995
0.170000002
0.170000002
0.149999991
0.170000002
0.170000002
0.129999995
0.170000002
0.129999995
0.149999991
0.129999995
0.170000002
0.129999995
0.149999991
0.170000002
0.149999991
0.170000002
0.129999995
0.170000002
0.170000002
0.129999995
0.129999995
0.129999995
0.149999991
0.149999991
0.170000002
0.129999995
0.129999995
0.149999991
0.149999991
0.170000002
0.149999991
0.109999999
0.129999995
0.129999995
0.149999991
0.129999995
0.129999995
0.109999999
0.109999999
0.129999995
0.089999996
0.129999995
0.07
0.109999999
0.129999995
0.149999991
0.149999991
0.129999995
0.129999995
0.129999995
0.129999995
0.129999995
0.089999996
0.089999996
0.129999995
0.089999996
0.07
0.049999997
0.07
0.129999995
0.07
0.129999995
0.129999995
0.129999995
0.07
0.109999999
0.07
0.129999995
0.07
0.07
0.109999999
0.029999999
0.049999997
0.049999997
0.109999999
0.049999997
0.089999996
0.07
0.109999999
0.07
0.049999997
0.07
0.049999997
0.089999996
0.089999996
0.07
0.109999999
0.109999999
0.049999997
0.049999997
0.07
0.029999999
0.109999999
0.07
0.109999999
0.049999997
0.049999997
0.029999999
0.07
0.049999997
0.07
0.029999999
0.07
0.07
0.01
0.049999997
0.049999997
0.07
0.029999999
0.049999997
0.029999999
0.029999999
0.07
0.049999997
0.07
0.049999997
0.07
0.029999999
0.029999999
0.049999997
0.049999997
0.029999999
0.029999999
0.049999997
0.01
0.029999999
0.029999999
0.029999999
0.07
0.029999999
0.01
0.049999997
0.029999999
0.029999999
0.01
0.029999999
0.07
-0.01
0.029999999
0.029999999
0.029999999
-0.01
0.01
0.01
0.029999999
0.07
0.01
0.01
0.01
-0.149999991
0.029999999
0.029999999
0.029999999
0.029999999
0.029999999
0.01
0.029999999
-0.01
0.01
0.029999999
0.029999999
0.029999999
0.01
-0.01
0.01
0.029999999
0.01
-0.01
0.01
0.029999999
-0.01
0.01
0.01
0.01
-0.01
-0.01
-0.01
0.029999999
-0.01
-0.01
0.01
-0.01
0.029999999
0.029999999
-0.01
-0.01
0.01
-0.01
0.029999999
-0.01
-0.01
-0.01
-0.01
0.01
0.01
-0.01
-0.01
0.01
0.01
-0.01
-0.01
-0.01
-0.01
-0.029999999
-0.01
-0.01
0.01
-0.029999999
0.01
-0.01
-0.01
-0.01
-0.01
-0.01
-0.01
-0.01
-0.01
-0.029999999
-0.01
0.01
-0.01
-0.029999999
-0.01
-0.01
-0.01
-0.01
-0.01
-0.01
0.01
-0.01
-0.01
-0.01
-0.01
-0.049999997
-0.029999999
-0.01
-0.049999997
-0.01
0.01
-0.029999999
-0.029999999
-0.01
-0.029999999
-0.029999999
-0.01
-0.029999999
-0.029999999
-0.029999999
0.01
-0.01
-0.01
-0.029999999
-0.01
-0.029999999
-0.01
-0.029999999
-0.049999997
-0.029999999
-0.01
-0.029999999
-0.029999999
-0.01
-0.049999997
-0.029999999
-0.029999999
-0.01
-0.029999999
-0.049999997
-0.01
-0.049999997
-0.029999999
-0.029999999
-0.049999997
-0.049999997
-0.049999997
-0.029999999
-0.029999999
-0.01
-0.029999999
-0.049999997
-0.049999997
-0.01
-0.01
-0.01
-0.01
-0.029999999
-0.029999999
-0.049999997
-0.029999999
-0.049999997
-0.01
-0.01
-0.049999997
-0.029999999
-0.01
-0.049999997
-0.089999996
-0.01
-0.01
-0.049999997
-0.049999997
-0.029999999
-0.049999997
-0.029999999
-0.029999999
-0.049999997
-0.049999997
-0.029999999
-0.029999999
-0.029999999
-0.029999999
-0.049999997
-0.049999997
-0.029999999
-0.01
-0.049999997
-0.049999997
-0.049999997
-0.029999999
-0.01
-0.049999997
-0.049999997
-0.049999997
-0.01
-0.029999999
-0.029999999
-0.049999997
-0.01
-0.049999997
-0.049999997
-0.049999997
-0.029999999
-0.029999999
-0.049999997
-0.049999997
-0.07
-0.049999997
-0.049999997
-0.029999999
-0.049999997
-0.049999997
-0.049999997
-0.029999999
-0.029999999
-0.01
-0.049999997
-0.01
-0.01
-0.01
-0.049999997
-0.01
-0.01
-0.049999997
-0.049999997
-0.01
-0.049999997
-0.029999999
-0.029999999
-0.029999999
-0.01
-0.049999997
-0.049999997
-0.049999997
-0.029999999
-0.01
-0.049999997
-0.049999997
-0.029999999
-0.07
-0.049999997
-0.029999999
-0.029999999
-0.049999997
-0.049999997
-0.049999997
-0.049999997
-0.029999999
-0.129999995
-0.049999997
-0.049999997
-0.01
-0.049999997
-0.01
-0.049999997
-0.029999999
-0.049999997
-0.029999999
-0.029999999
-0.049999997
-0.029999999
-0.049999997
-0.029999999
-0.029999999
-0.029999999
-0.049999997
-0.049999997
-0.029999999
-0.109999999
-0.049999997
-0.049999997
-0.01
-0.089999996
-0.049999997
-0.049999997
-0.029999999
-0.049999997
-0.029999999
-0.029999999
-0.049999997
-0.01
-0.049999997
-0.049999997
-0.029999999
-0.029999999
-0.01
-0.029999999
-0.049999997
-0.029999999
-0.049999997
-0.01
-0.029999999
-0.049999997
-0.029999999
-0.029999999
-0.029999999
-0.029999999
-0.049999997
-0.01
-0.049999997
-0.01
-0.049999997
-0.049999997
-0.029999999
-0.029999999
-0.07
-0.029999999
-0.029999999
-0.029999999
-0.07
-0.049999997
-0.029999999
-0.049999997
-0.029999999
-0.049999997
-0.049999997
-0.049999997
-0.029999999
-0.049999997
-0.029999999
-0.029999999
-0.029999999
-0.049999997
-0.01
-0.029999999
-0.049999997
-0.049999997
-0.029999999
-0.029999999
-0.049999997
-0.049999997
-0.029999999
-0.049999997
-0.029999999
-0.01
-0.029999999
-0.01
-0.029999999
-0.07
-0.049999997
-0.029999999
-0.01
-0.089999996
-0.049999997
-0.049999997
-0.029999999
-0.029999999
-0.029999999
-0.029999999
-0.049999997
-0.029999999
-0.01
-0.029999999
-0.029999999
-0.049999997
-0.089999996
-0.029999999
-0.029999999
-0.049999997
-0.049999997
-0.049999997
-0.029999999
-0.029999999
-0.029999999
-0.07
-0.049999997
-0.029999999
-0.01
-0.049999997
-0.049999997
0.029999999
-0.07
-0.049999997
-0.01
-0.029999999
-0.049999997
-0.029999999
-0.029999999
-0.049999997
-0.029999999
-0.049999997
-0.049999997
-0.049999997
-0.049999997
-0.049999997
-0.049999997
-0.01
-0.049999997
-0.029999999
-0.01
-0.01
-0.049999997
-0.049999997
-0.01
-0.029999999
-0.029999999
-0.029999999
-0.049999997
-0.049999997
-0.049999997
-0.049999997
-0.029999999
-0.049999997
-0.029999999
-0.07
-0.049999997
-0.049999997
-0.029999999
-0.049999997
-0.029999999
-0.029999999
-0.049999997
-0.01
-0.049999997
-0.029999999
-0.049999997
-0.029999999
-0.029999999
-0.049999997
-0.029999999
-0.029999999
-0.029999999
-0.049999997
-0.029999999
-0.07
0.029999999
-0.01
-0.029999999
0.029999999
-0.049999997
-0.049999997
-0.049999997
-0.049999997
-0.049999997
-0.049999997
-0.049999997
-0.029999999
-0.089999996
-0.049999997
-0.049999997
-0.049999997
-0.049999997
-0.049999997
-0.01
-0.049999997
-0.029999999
-0.049999997
-0.029999999
-0.029999999
-0.01
-0.049999997
-0.049999997
-0.129999995
-0.029999999
-0.029999999
-0.049999997
-0.029999999
-0.049999997
-0.029999999
-0.049999997
-0.049999997
-0.049999997
-0.029999999
-0.049999997
-0.049999997
-0.029999999
-0.01
-0.049999997
-0.029999999
-0.029999999
-0.049999997
-0.049999997
-0.129999995
-0.029999999
-0.049999997
-0.029999999
-0.029999999
-0.029999999
-0.01
-0.029999999
-0.049999997
-0.049999997
-0.029999999
-0.029999999
-0.049999997
-0.049999997
0.049999997
-0.049999997
-0.049999997
-0.049999997
-0.029999999
-0.049999997
-0.029999999
-0.049999997
-0.049999997
-0.01
-0.049999997
-0.049999997
-0.01
-0.029999999
-0.049999997
-0.029999999
-0.029999999
-0.07
-0.029999999
-0.049999997
-0.029999999
-0.07
-0.049999997
-0.049999997
-0.029999999
0.029999999
-0.029999999
-0.049999997
-0.049999997
-0.01
-0.01
-0.029999999
-0.029999999
-0.01
-0.049999997
-0.049999997
-0.049999997
-0.049999997
-0.049999997
-0.049999997
-0.029999999
-0.049999997
-0.029999999
-0.049999997
-0.049999997
-0.029999999
-0.01
-0.029999999
-0.049999997
-0.01
-0.049999997
-0.049999997
-0.049999997
-0.029999999
-0.029999999
-0.029999999
-0.049999997
-0.01
-0.01
-0.029999999
-0.049999997
-0.07
-0.029999999
-0.01
-0.049999997
-0.01
-0.01
-0.029999999
-0.049999997
-0.029999999
-0.049999997
-0.049999997
-0.029999999
-0.029999999
-0.049999997
-0.01
-0.049999997
-0.049999997
-0.029999999
-0.01
-0.029999999
-0.049999997
-0.029999999
-0.049999997
-0.029999999
-0.07
-0.029999999
-0.049999997
-0.049999997
-0.029999999
-0.029999999
-0.01
-0.049999997
-0.049999997
-0.049999997
-0.029999999
-0.01
-0.01
-0.049999997
-0.029999999
-0.049999997
-0.049999997
-0.049999997
-0.049999997
-0.029999999
-0.029999999
-0.049999997
-0.029999999
-0.01
-0.049999997
-0.029999999
-0.029999999
-0.029999999
-0.049999997
-0.029999999
-0.01
-0.049999997
-0.029999999
-0.029999999
-0.049999997
-0.07
-0.029999999
-0.049999997
-0.029999999
-0.049999997
-0.049999997
-0.049999997
-0.049999997
-0.029999999
-0.029999999
-0.049999997
-0.029999999
-0.049999997
-0.029999999
-0.029999999
-0.029999999
-0.049999997
-0.029999999
-0.01
-0.029999999
-0.029999999
-0.01
-0.049999997
-0.049999997
-0.049999997
-0.049999997
-0.029999999
-0.049999997
-0.029999999
-0.049999997
-0.029999999
-0.049999997
-0.049999997
-0.049999997
-0.029999999
-0.01
-0.049999997
-0.01
-0.01
-0.029999999
-0.029999999
-0.029999999
-0.029999999
-0.049999997
-0.049999997
-0.029999999
-0.01
-0.049999997
-0.049999997
-0.049999997
-0.029999999
-0.029999999
-0.029999999
-0.049999997
-0.029999999
-0.049999997
-0.049999997
-0.049999997
-0.01
-0.049999997
0.01
-0.029999999
-0.089999996
-0.07
-0.029999999
-0.049999997
-0.07
-0.01
-0.029999999
-0.029999999
-0.049999997
-0.049999997
-0.049999997
-0.049999997
-0.029999999
-0.049999997
-0.049999997
-0.049999997
-0.029999999
-0.029999999
-0.049999997
-0.049999997
-0.049999997
-0.029999999
-0.01
-0.029999999
-0.029999999
-0.01
-0.029999999
-0.049999997
-0.049999997
-0.029999999
-0.029999999
-0.029999999
-0.01
-0.029999999
-0.049999997
-0.029999999
-0.049999997
-0.049999997
-0.049999997
-0.01
-0.049999997
-0.029999999
-0.049999997
-0.029999999
-0.029999999
-0.049999997
-0.029999999
-0.029999999
-0.029999999
-0.029999999
-0.049999997
-0.049999997
-0.049999997
-0.049999997
-0.049999997
-0.049999997
-0.029999999
-0.049999997
-0.029999999
-0.049999997
-0.049999997
-0.049999997
-0.029999999
-0.049999997
-0.049999997
-0.01
-0.049999997
-0.049999997
-0.029999999
-0.049999997
-0.049999997
-0.01
-0.029999999
-0.029999999
-0.01
-0.029999999
-0.01
-0.049999997
-0.049999997
-0.029999999
-0.029999999
-0.049999997
-0.049999997
-0.049999997
-0.029999999
-0.01
-0.07
-0.049999997
-0.029999999
-0.01
-0.049999997
-0.029999999
-0.049999997
-0.029999999
-0.029999999
-0.029999999
-0.029999999
-0.049999997
-0.029999999
-0.049999997
-0.049999997
-0.049999997
-0.01
-0.049999997
-0.029999999
-0.029999999
-0.049999997
-0.029999999
-0.029999999
-0.049999997
-0.029999999
-0.029999999
-0.029999999
-0.029999999
-0.049999997
-0.029999999
-0.01
-0.049999997
-0.029999999
-0.049999997
-0.229999989
-0.049999997
-0.029999999
-0.029999999
-0.01
-0.049999997
-0.049999997
-0.029999999
-0.029999999
-0.029999999
-0.029999999
-0.029999999
-0.049999997
-0.049999997
-0.029999999
-0.049999997
-0.049999997
-0.049999997
-0.029999999
-0.029999999
-0.01
-0.049999997
-0.029999999
-0.049999997
-0.01
-0.049999997
-0.029999999
-0.029999999
-0.029999999
-0.049999997
-0.049999997
-0.029999999
-0.049999997
-0.049999997
-0.049999997
-0.049999997
-0.029999999
-0.029999999
-0.049999997
-0.049999997
-0.029999999
-0.049999997
-0.049999997
-0.049999997
-0.029999999
0.01
-0.049999997
-0.029999999
-0.01
-0.049999997
-0.029999999
-0.049999997
-0.029999999
-0.029999999
-0.07
-0.049999997
-0.049999997
0.01
-0.029999999
-0.01
-0.029999999
-0.029999999
-0.029999999
-0.049999997
-0.029999999
-0.049999997
-0.029999999
-0.029999999
-0.029999999
-0.029999999
-0.01
-0.07
-0.049999997
-0.01
-0.029999999
0.049999997
-0.029999999
-0.01
-0.049999997
-0.029999999
-0.049999997
-0.049999997
-0.109999999
-0.029999999
-0.029999999
-0.029999999
-0.01
-0.049999997
-0.449999988
-0.049999997
-0.01
-0.049999997
-0.049999997
-0.029999999
-0.109999999
-0.049999997
-0.049999997
-0.049999997
-0.049999997
-0.049999997
-0.049999997
-0.01
-0.029999999
-0.049999997
-0.049999997
-0.049999997
-0.029999999
-0.029999999
-0.049999997
-0.01
-0.029999999
-0.029999999
-0.049999997
-0.049999997
-0.049999997
-0.01
-0.029999999
-0.049999997
-0.029999999
-0.029999999
-0.029999999
-0.049999997
-0.049999997
-0.01
-0.029999999
-0.029999999
-0.049999997
-0.01
-0.049999997
-0.029999999
-0.049999997
-0.049999997
-0.049999997
-0.01
-0.049999997
-0.029999999
-0.01
-0.049999997
-0.049999997
-0.029999999
-0.029999999
-0.029999999
-0.029999999
-0.01
-0.049999997
-0.049999997
-0.049999997
-0.049999997
-0.049999997
-0.049999997
-0.049999997
-0.029999999
-0.01
-0.049999997
-0.049999997
-0.049999997
-0.029999999
-0.029999999
-0.049999997
-0.029999999
-0.049999997
-0.029999999
-0.049999997
-0.049999997
-0.049999997
-0.049999997
-0.049999997
-0.049999997
-0.029999999
-0.029999999
-0.049999997
-0.049999997
-0.029999999
-0.049999997
-0.029999999
-0.029999999
-0.029999999
-0.029999999
-0.049999997
-0.049999997
-0.01
-0.049999997
-0.049999997
-0.029999999
-0.049999997
-0.029999999
-0.049999997
-0.029999999
-0.049999997
-0.01
-0.049999997
-0.049999997
-0.049999997
-0.029999999
-0.029999999
-0.049999997
-0.01
-0.049999997
-0.049999997
-0.029999999
-0.029999999
-0.029999999
-0.029999999
-0.049999997
-0.049999997
-0.029999999
-0.029999999
-0.049999997
-0.01
-0.029999999
-0.049999997
-0.049999997
-0.029999999
-0.029999999
-0.049999997
-0.049999997
-0.029999999
-0.049999997
-0.01
-0.049999997
-0.029999999
-0.049999997
-0.029999999
-0.01
-0.049999997
-0.049999997
-0.049999997
-0.029999999
-0.049999997
-0.049999997
-0.049999997
-0.029999999
-0.049999997
-0.029999999
-0.049999997
-0.029999999
-0.029999999
-0.049999997
-0.049999997
-0.01
-0.029999999
-0.029999999
-0.049999997
-0.049999997
-0.049999997
-0.049999997
-0.07
-0.049999997
-0.029999999
-0.049999997
-0.01
-0.01
-0.029999999
-0.01
-0.049999997
-0.029999999
-0.049999997
-0.029999999
-0.049999997
-0.049999997
-0.029999999
-0.029999999
-0.049999997
-0.049999997
-0.049999997
-0.029999999
-0.049999997
-0.029999999
-0.029999999
-0.049999997
-0.049999997
-0.029999999
-0.049999997
-0.029999999
-0.049999997
-0.049999997
-0.089999996
-0.029999999
-0.049999997
-0.029999999
-0.089999996
-0.029999999
-0.029999999
-0.029999999
-0.029999999
-0.029999999
-0.029999999
-0.049999997
-0.029999999
-0.049999997
-0.029999999
-0.049999997
-0.029999999
-0.029999999
-0.029999999
-0.049999997
-0.049999997
-0.029999999
-0.029999999
-0.029999999
-0.01
-0.029999999
-0.01
-0.049999997
-0.01
-0.029999999
-0.029999999
-0.049999997
-0.029999999
-0.029999999
-0.089999996
-0.029999999
-0.049999997
-0.029999999
-0.029999999
-0.049999997
-0.029999999
-0.049999997
-0.029999999
-0.049999997
-0.049999997

