Gary Olhoeft, GPGN210
April 11, 2006
Two springs in parallel
nx1=2500 
dx1=0.002 s
fx1=0.000 s
f=
0.02
0.059999999
0.059999999
0.059999999
0.079999998
0.059999999
0.059999999
0.079999998
0.059999999
0.02
0.059999999
0.059999999
0.059999999
0.039999999
0.059999999
0
0.039999999
0.059999999
0.059999999
0.059999999
0.059999999
0.079999998
0.059999999
0.059999999
0.059999999
0.059999999
0.059999999
0.059999999
0.059999999
0.039999999
0.059999999
0.039999999
0.059999999
0.039999999
0.079999998
0.059999999
0.059999999
0.059999999
0.059999999
0.059999999
0.059999999
0.039999999
0.039999999
0.059999999
0.059999999
0.059999999
0.039999999
0.059999999
0.059999999
0.02
0.059999999
0.059999999
0.079999998
0.02
0.059999999
0.059999999
0.059999999
0.059999999
0.059999999
0.039999999
0.239999995
0.059999999
0.059999999
0.059999999
0.059999999
0.059999999
0.059999999
0.039999999
0.059999999
0.039999999
0.059999999
0.039999999
0.059999999
0.059999999
0.239999995
0.02
0.059999999
0.039999999
0.059999999
0.02
0.059999999
0.059999999
0.059999999
0.059999999
0.059999999
0.059999999
0.02
0.059999999
0.059999999
0.059999999
0.059999999
0.059999999
0.059999999
0.059999999
0.059999999
0.039999999
0.059999999
0.059999999
0.079999998
0.059999999
0.059999999
0.059999999
0.039999999
0.02
0.039999999
0.059999999
0.099999994
0.059999999
0.039999999
0.059999999
0.039999999
0.039999999
0.039999999
0.059999999
0.059999999
0.059999999
0.059999999
0.059999999
0.039999999
0.039999999
0.059999999
0.099999994
0.039999999
0.059999999
0.059999999
0.099999994
0.02
-0.539999962
0.059999999
0.059999999
0.02
0.079999998
0.039999999
0.059999999
0.059999999
0.039999999
0.059999999
0.059999999
0.059999999
0.059999999
0.059999999
0.059999999
0.059999999
0.059999999
0.039999999
0.02
0.059999999
0.059999999
0.059999999
0.059999999
0.039999999
0.059999999
0.059999999
0.059999999
0.02
0.059999999
0.079999998
0.099999994
0.059999999
0.059999999
0.039999999
0.079999998
0.039999999
0.059999999
0.079999998
0.059999999
0.059999999
0.059999999
0.039999999
-0.02
0.059999999
0.039999999
0.059999999
0.079999998
0.039999999
0.059999999
0.059999999
0.059999999
0.059999999
0.079999998
0.059999999
0.059999999
0.059999999
0.039999999
0.039999999
0.059999999
0.059999999
0.039999999
0.059999999
0.059999999
0.039999999
0.059999999
0.059999999
0.059999999
0.079999998
0.059999999
0.039999999
0.059999999
0.059999999
0.059999999
0.059999999
0.02
0.059999999
0.059999999
0.059999999
0.059999999
0.039999999
0.059999999
0.079999998
0.039999999
0.059999999
0.039999999
0.02
0.059999999
0.099999994
0.099999994
0.039999999
0.02
0.079999998
0.079999998
0.059999999
0.039999999
0.059999999
0.059999999
0.059999999
0.02
0.059999999
0.099999994
0.059999999
0.02
0.039999999
0.039999999
0.059999999
0.059999999
0.039999999
0.059999999
0.059999999
0.059999999
0.059999999
0.059999999
0.059999999
0.079999998
0.059999999
0.079999998
0.02
0.059999999
0.059999999
0.059999999
0.059999999
0.059999999
-0.239999995
0.059999999
0.039999999
0.059999999
0.039999999
0.059999999
0.079999998
0.059999999
0.039999999
0.02
0.059999999
0.059999999
0.039999999
0.059999999
0.079999998
0.059999999
0.059999999
0.039999999
0.039999999
0.059999999
0.059999999
0.059999999
0.059999999
0.059999999
0.059999999
0.039999999
0.059999999
0.02
0.039999999
0.059999999
0.059999999
0.02
0.059999999
0.059999999
0.039999999
0.059999999
0.059999999
0.02
0.059999999
0.059999999
0.079999998
0.059999999
0.039999999
0.059999999
0.059999999
0.039999999
0.059999999
0.059999999
0.059999999
0.059999999
0.079999998
0.059999999
0.039999999
0.059999999
0.079999998
0.059999999
0.059999999
0.02
0.059999999
0.059999999
0.039999999
0.039999999
0.059999999
0.059999999
0.059999999
0.059999999
0.039999999
0.059999999
0.059999999
0.079999998
0.059999999
0.039999999
0.039999999
0.079999998
0.039999999
0.039999999
0.059999999
0.059999999
0.059999999
0.079999998
0.02
0.039999999
0.059999999
0.039999999
0.119999997
0.059999999
0.059999999
0.039999999
0.059999999
0.059999999
0.059999999
0.079999998
0.059999999
0.059999999
0.059999999
0.059999999
0.079999998
0.02
0.059999999
0.059999999
0.039999999
0.059999999
0.059999999
0.079999998
0.059999999
0.059999999
0.039999999
0.059999999
0.059999999
0.059999999
0.059999999
0.059999999
0.079999998
0.079999998
0.059999999
0.039999999
0.079999998
0.099999994
0.059999999
0.059999999
0.059999999
0.059999999
0.02
0.079999998
0.059999999
0.059999999
0.02
0.059999999
0.059999999
0.02
0.039999999
0.039999999
0.059999999
0.039999999
0.059999999
0.059999999
0.059999999
0.059999999
0.039999999
0.059999999
0.059999999
0.059999999
0.059999999
0.059999999
0.079999998
0.059999999
0.039999999
0.059999999
0.059999999
0.079999998
0.059999999
0.039999999
0.059999999
0.079999998
0.039999999
0.059999999
0.059999999
0.099999994
0.059999999
0.039999999
0.039999999
0.059999999
0.059999999
0.059999999
0.059999999
0.059999999
0.359999985
0.039999999
0.059999999
0.059999999
0.059999999
0.039999999
0.099999994
0.059999999
0.039999999
0.059999999
0.059999999
0.059999999
0.059999999
0.039999999
0.039999999
0.059999999
0.059999999
0.039999999
0.039999999
0.099999994
0.059999999
0.059999999
0.039999999
0.059999999
0.059999999
0.02
0.039999999
0.059999999
0.059999999
0.059999999
0.02
0.059999999
0.059999999
0.059999999
0.039999999
0.059999999
0.059999999
0.059999999
0.059999999
0.079999998
0.059999999
0.039999999
0.039999999
0.039999999
0.059999999
0.079999998
0.039999999
0.059999999
0.059999999
0.059999999
0.059999999
0.039999999
0.059999999
0.059999999
0.059999999
0.059999999
-0.199999988
0.059999999
0.059999999
0.059999999
0.039999999
0.079999998
0.039999999
0.039999999
0.059999999
0.059999999
0.079999998
0.059999999
0.039999999
0.079999998
0.059999999
0.039999999
0.079999998
0.059999999
0.059999999
0.059999999
0.059999999
0.039999999
0.02
0.059999999
0.039999999
-0.02
0.059999999
0.059999999
0.059999999
0.059999999
0.099999994
0.039999999
0.039999999
0.059999999
0.039999999
0.059999999
0.039999999
0.059999999
0.059999999
0.039999999
0.059999999
0.079999998
0.02
0.059999999
0.059999999
0.059999999
0.059999999
0.059999999
0.059999999
0.059999999
0.059999999
0.059999999
0.039999999
0.059999999
0.059999999
0.059999999
0.059999999
0.039999999
0.059999999
0.059999999
0.039999999
0.039999999
0.059999999
0.059999999
0.059999999
0.059999999
0.059999999
0.059999999
0.059999999
0.039999999
0.059999999
0.059999999
0.079999998
0.059999999
0.059999999
0.059999999
0.059999999
0.079999998
0.059999999
0.059999999
0.079999998
0.059999999
0.079999998
0.059999999
0.02
0.059999999
0.059999999
0.059999999
0.099999994
0.059999999
0.02
0.059999999
0.059999999
0.039999999
0.059999999
0.059999999
0.059999999
0.059999999
0.059999999
0.059999999
0.059999999
0.039999999
0.059999999
0.059999999
0.039999999
0.419999987
0.059999999
0.059999999
0.059999999
0.059999999
0.059999999
0.059999999
0.059999999
0.079999998
0.059999999
0.059999999
0.059999999
0.059999999
0.039999999
0.039999999
0.039999999
0.059999999
0.059999999
0.059999999
0.059999999
0.059999999
0.059999999
0.039999999
0.059999999
0.059999999
0.059999999
0.039999999
0.039999999
0.039999999
0.059999999
0.039999999
0.02
0.059999999
0.079999998
0.059999999
0.059999999
0.02
0.039999999
0.059999999
0.039999999
0.059999999
0.059999999
0.059999999
0.059999999
0.059999999
0.059999999
0.079999998
0.059999999
0.059999999
0.059999999
0.039999999
0.079999998
0.059999999
0.039999999
0.059999999
0.059999999
0.099999994
0.059999999
0.059999999
0.02
0.059999999
0.099999994
0.039999999
0.039999999
0.039999999
0.059999999
0.059999999
0.079999998
0.039999999
0.059999999
0.059999999
0.059999999
-0.039999999
0.059999999
0.059999999
0.059999999
0.059999999
0.059999999
0.059999999
0.059999999
0.059999999
0.039999999
0.039999999
0.059999999
0.059999999
0.059999999
0.039999999
0.039999999
0.059999999
0.039999999
0.059999999
0.059999999
0.059999999
0.059999999
0.159999996
0.059999999
0.02
0.059999999
0.059999999
0.059999999
0.059999999
0.039999999
0.02
0.059999999
0.059999999
0.059999999
0.059999999
0.059999999
0.059999999
0.059999999
0.059999999
0.039999999
0.079999998
0.02
0.039999999
0.059999999
0.079999998
0.059999999
0.059999999
0.039999999
0.059999999
0.059999999
0.059999999
0.059999999
0.059999999
0.059999999
0.059999999
0.059999999
0.059999999
0.039999999
0.039999999
0.059999999
0.059999999
0.059999999
0.039999999
0.039999999
0.039999999
0.059999999
0.059999999
0.079999998
0.059999999
0.059999999
0.140000001
0.039999999
0.059999999
0.059999999
0.039999999
0.059999999
0.059999999
0
0.039999999
0.059999999
0.059999999
0.039999999
0.039999999
0.079999998
0.059999999
0.059999999
0.059999999
0.059999999
0.059999999
0.059999999
0.059999999
0.059999999
0.059999999
0.059999999
0.039999999
0.039999999
0.059999999
0.059999999
0.059999999
0.079999998
0.059999999
0.059999999
0.059999999
0.079999998
0.079999998
0.059999999
0.039999999
0.059999999
0.059999999
0.039999999
0.059999999
0.079999998
0.059999999
0.059999999
0.039999999
0.059999999
0.099999994
0.059999999
0.039999999
0.039999999
0.039999999
0.079999998
0.039999999
0.02
0.059999999
0.059999999
0.039999999
-0.539999962
0.039999999
0.059999999
0.059999999
0.059999999
0.059999999
0.059999999
0.079999998
0.059999999
0.059999999
0.079999998
0.039999999
0.059999999
0.059999999
0.059999999
0.039999999
0.02
0.059999999
0.059999999
0.039999999
0.059999999
0.039999999
0.039999999
0.059999999
0.179999992
0.059999999
0.059999999
0.059999999
0.059999999
0.039999999
0.039999999
0.059999999
0.059999999
0.059999999
0.059999999
0.059999999
0.059999999
0.079999998
0.079999998
0.059999999
0.059999999
0.059999999
0.02
0.059999999
0.02
0.059999999
0.039999999
0.059999999
0.039999999
0.039999999
0.059999999
0.02
0.059999999
0.039999999
0.039999999
0.079999998
0.059999999
0.059999999
0.059999999
0.059999999
0.079999998
0.039999999
0.039999999
0.059999999
0.059999999
0.039999999
0.059999999
0.059999999
0.059999999
0.02
0.059999999
0.039999999
0.079999998
0.059999999
0.059999999
0.079999998
0.039999999
0.039999999
0.079999998
0.059999999
0.059999999
0.059999999
0.039999999
0.039999999
0.059999999
0.059999999
0.039999999
0.02
0.059999999
0.059999999
0.059999999
0.039999999
0.059999999
0.059999999
0.059999999
0.059999999
0.039999999
0.099999994
0.059999999
0.059999999
0.059999999
0.079999998
0.039999999
0.039999999
0.059999999
0.079999998
0.059999999
0.099999994
0.059999999
0.059999999
0.039999999
0.039999999
0.059999999
0.079999998
0.059999999
0.02
0.059999999
0.079999998
0.059999999
0.02
0.059999999
0.059999999
0.079999998
0.039999999
0.02
0.059999999
0.059999999
0.059999999
0.059999999
0.039999999
0.119999997
0.059999999
0.059999999
0.059999999
0.199999988
0.059999999
0.059999999
0.059999999
0.079999998
0.059999999
0.059999999
0.059999999
0.059999999
0.02
0.059999999
0.039999999
0.059999999
0.059999999
0.02
0.059999999
0.079999998
0.059999999
0.02
0.02
0.079999998
0.059999999
0.039999999
0.059999999
0.059999999
0.059999999
0.059999999
0.02
0.02
0.079999998
0.059999999
0.059999999
0.059999999
0.079999998
0.099999994
0.079999998
0.119999997
0.140000001
0.099999994
0.099999994
0.179999992
0.140000001
0.179999992
0.199999988
0.239999995
0.25999999
0.319999993
0.319999993
0.340000004
0.359999985
0.359999985
0.359999985
0.379999995
0.419999987
0.459999979
0.5
0.479999989
0.539999962
0.539999962
0.539999962
0.539999962
0.620000005
0.699999988
0.75999999
0.919999957
1.059999943
1.379999995
1.379999995
1.419999957
1.419999957
1.439999938
1.399999976
1.439999938
1.419999957
1.399999976
1.419999957
1.399999976
1.379999995
1.419999957
1.419999957
1.379999995
1.419999957
1.419999957
1.399999976
1.399999976
1.419999957
1.419999957
1.419999957
1.399999976
1.459999919
1.419999957
1.419999957
1.419999957
1.379999995
1.419999957
1.419999957
1.419999957
1.5
1.399999976
1.379999995
1.379999995
1.379999995
1.419999957
1.419999957
1.399999976
1.419999957
1.419999957
1.25999999
1.419999957
1.419999957
1.419999957
1.399999976
1.419999957
1.419999957
1.399999976
1.419999957
1.419999957
1.379999995
1.419999957
1.439999938
1.379999995
1.459999919
1.419999957
1.419999957
1.399999976
1.419999957
1.379999995
1.419999957
1.419999957
1.379999995
1.419999957
1.399999976
1.419999957
1.379999995
1.419999957
1.419999957
1.419999957
1.399999976
1.419999957
1.439999938
1.399999976
1.379999995
1.419999957
1.419999957
1.399999976
1.419999957
1.399999976
1.419999957
1.419999957
1.379999995
1.399999976
1.319999933
1.439999938
1.379999995
1.419999957
1.419999957
1.419999957
1.399999976
1.439999938
1.379999995
1.379999995
1.399999976
1.399999976
1.439999938
1.419999957
1.419999957
1.379999995
1.419999957
1.419999957
1.459999919
1.399999976
1.419999957
1.419999957
1.419999957
1.379999995
1.439999938
1.399999976
1.399999976
1.399999976
1.419999957
1.439999938
1.419999957
1.379999995
1.419999957
1.419999957
1.419999957
1.379999995
1.419999957
1.419999957
1.399999976
1.379999995
1.419999957
1.480000019
1.419999957
1.399999976
1.419999957
1.419999957
1.419999957
1.399999976
1.379999995
1.439999938
1.439999938
1.419999957
1.419999957
1.419999957
1.419999957
1.379999995
1.419999957
1.419999957
1.399999976
1.379999995
1.419999957
1.419999957
1.419999957
1.419999957
1.399999976
1.419999957
1.419999957
1.419999957
1.379999995
1.419999957
1.419999957
1.419999957
1.379999995
1.419999957
1.419999957
1.399999976
1.399999976
1.419999957
1.439999938
1.419999957
1.439999938
1.399999976
1.439999938
1.419999957
1.379999995
1.419999957
1.419999957
1.419999957
1.419999957
1.379999995
1.419999957
1.379999995
1.399999976
1.439999938
1.399999976
1.419999957
1.379999995
1.399999976
1.399999976
1.419999957
1.419999957
1.379999995
1.419999957
1.399999976
1.399999976
1.399999976
1.419999957
1.419999957
1.419999957
1.399999976
1.419999957
1.419999957
1.419999957
1.419999957
1.419999957
1.419999957
1.439999938
1.379999995
1.419999957
1.439999938
1.419999957
1.379999995
1.399999976
1.439999938
1.419999957
1.379999995
1.419999957
1.399999976
1.439999938
1.419999957
1.419999957
1.379999995
1.439999938
1.419999957
1.419999957
1.419999957
1.419999957
1.419999957
1.419999957
1.419999957
1.399999976
1.519999981
1.399999976
1.399999976
1.419999957
1.379999995
1.399999976
1.439999938
1.419999957
1.439999938
1.419999957
1.439999938
1.399999976
1.419999957
1.419999957
1.379999995
1.419999957
1.379999995
1.379999995
1.419999957
1.419999957
1.399999976
1.399999976
1.579999924
1.419999957
1.399999976
1.379999995
1.419999957
1.419999957
1.419999957
1.419999957
1.419999957
1.419999957
1.379999995
1.419999957
1.459999919
1.419999957
1.419999957
1.419999957
1.399999976
1.419999957
1.399999976
1.379999995
1.419999957
1.419999957
1.439999938
1.399999976
1.419999957
1.399999976
1.419999957
1.399999976
1.399999976
1.419999957
1.399999976
1.379999995
1.419999957
1.419999957
1.379999995
1.419999957
1.419999957
1.419999957
1.419999957
1.379999995
1.419999957
1.419999957
1.419999957
1.379999995
1.379999995
1.419999957
1.419999957
1.419999957
1.399999976
1.419999957
1.419999957
1.419999957
1.419999957
1.439999938
1.399999976
1.399999976
1.439999938
1.439999938
1.419999957
1.399999976
1.399999976
1.419999957
1.439999938
1.379999995
1.399999976
1.419999957
1.459999919
1.419999957
1.379999995
1.439999938
1.419999957
1.339999914
1.419999957
1.419999957
1.439999938
1.419999957
1.379999995
1.419999957
1.439999938
1.419999957
1.419999957
1.419999957
1.419999957
1.379999995
1.379999995
1.399999976
1.360000014
1.379999995
1.419999957
1.419999957
1.419999957
1.419999957
1.399999976
1.379999995
1.399999976
1.419999957
1.379999995
1.419999957
1.419999957
1.419999957
1.379999995
1.419999957
1.439999938
1.459999919
1.419999957
1.379999995
1.419999957
1.419999957
1.419999957
1.379999995
1.379999995
1.439999938
1.399999976
1.399999976
1.379999995
1.419999957
1.379999995
1.439999938
1.419999957
1.379999995
1.419999957
1.379999995
1.419999957
1.419999957
1.439999938
1.419999957
1.379999995
1.419999957
1.419999957
1.379999995
1.399999976
1.439999938
1.419999957
1.379999995
1.419999957
1.439999938
1.419999957
1.379999995
1.419999957
1.419999957
1.419999957
1.419999957
1.379999995
1.399999976
1.419999957
1.419999957
1.379999995
1.419999957
1.399999976
1.379999995
1.379999995
1.220000029
1.439999938
1.379999995
1.399999976
1.419999957
1.419999957
1.419999957
1.419999957
1.399999976
1.419999957
1.419999957
1.360000014
1.399999976
1.379999995
1.419999957
1.379999995
1.399999976
1.399999976
1.399999976
1.379999995
1.419999957
1.419999957
1.399999976
1.419999957
1.339999914
1.419999957
1.439999938
1.419999957
1.399999976
1.419999957
1.419999957
1.419999957
1.419999957
1.419999957
1.419999957
1.399999976
1.539999962
1.419999957
1.379999995
1.379999995
1.419999957
1.419999957
1.419999957
1.419999957
1.379999995
1.439999938
1.419999957
1.399999976
1.399999976
1.419999957
1.439999938
1.379999995
1.439999938
1.419999957
1.399999976
1.379999995
1.439999938
1.379999995
1.419999957
1.419999957
1.379999995
1.419999957
1.419999957
1.419999957
1.419999957
1.399999976
1.419999957
1.419999957
1.419999957
1.419999957
1.419999957
1.379999995
1.419999957
1.419999957
1.419999957
1.419999957
1.419999957
1.379999995
1.399999976
1.419999957
1.399999976
1.419999957
1.419999957
1.419999957
1.419999957
1.399999976
1.419999957
1.399999976
1.379999995
1.379999995
1.419999957
1.419999957
1.419999957
1.399999976
1.419999957
1.419999957
1.399999976
1.379999995
1.419999957
1.419999957
1.419999957
1.399999976
1.379999995
1.419999957
1.379999995
1.379999995
1.419999957
1.419999957
1.439999938
1.379999995
1.419999957
1.419999957
1.439999938
1.379999995
1.419999957
1.419999957
1.379999995
1.419999957
1.419999957
1.419999957
1.379999995
1.379999995
1.419999957
1.379999995
1.419999957
1.419999957
1.399999976
1.419999957
1.419999957
1.379999995
1.399999976
1.419999957
1.419999957
1.419999957
1.379999995
1.480000019
1.419999957
1.419999957
1.379999995
1.419999957
1.419999957
1.419999957
1.399999976
1.399999976
1.439999938
1.419999957
1.419999957
1.399999976
1.419999957
1.379999995
1.419999957
1.399999976
1.459999919
1.419999957
1.399999976
1.419999957
1.379999995
1.419999957
1.419999957
1.379999995
1.419999957
1.399999976
1.419999957
1.379999995
1.419999957
1.419999957
1.399999976
1.399999976
1.419999957
1.419999957
1.419999957
1.419999957
1.399999976
1.399999976
1.399999976
1.419999957
1.379999995
1.419999957
1.439999938
1.379999995
1.399999976
1.419999957
1.419999957
1.379999995
1.439999938
1.419999957
1.419999957
1.419999957
1.399999976
1.379999995
1.399999976
1.419999957
1.399999976
1.419999957
1.399999976
1.399999976
1.379999995
1.399999976
1.419999957
1.419999957
1.399999976
1.419999957
1.419999957
1.399999976
1.419999957
1.419999957
1.399999976
1.419999957
1.419999957
1.399999976
1.439999938
1.419999957
1.379999995
1.379999995
1.399999976
1.399999976
1.419999957
1.419999957
1.399999976
1.419999957
1.379999995
1.379999995
1.379999995
1.379999995
1.419999957
1.399999976
1.379999995
1.419999957
1.379999995
1.379999995
1.419999957
1.419999957
1.399999976
1.439999938
1.480000019
1.419999957
1.399999976
1.419999957
1.419999957
1.379999995
1.399999976
1.419999957
1.379999995
1.419999957
1.379999995
1.399999976
1.399999976
1.379999995
1.419999957
1.379999995
1.419999957
1.399999976
1.399999976
1.399999976
1.419999957
1.379999995
1.379999995
1.419999957
1.439999938
1.419999957
1.419999957
1.399999976
1.419999957
1.419999957
1.559999943
1.379999995
1.419999957
1.439999938
1.419999957
1.419999957
1.379999995
1.419999957
1.399999976
1.439999938
1.419999957
1.360000014
1.419999957
1.399999976
1.419999957
1.379999995
1.419999957
1.419999957
1.379999995
1.399999976
1.419999957
1.419999957
1.399999976
1.399999976
1.360000014
1.419999957
1.419999957
1.419999957
1.399999976
1.379999995
1.419999957
1.419999957
1.399999976
1.379999995
1.399999976
1.419999957
1.419999957
1.399999976
1.419999957
1.399999976
1.419999957
1.379999995
1.419999957
1.419999957
1.379999995
1.399999976
1.419999957
1.419999957
1.379999995
1.419999957
1.419999957
1.419999957
1.399999976
1.399999976
1.379999995
1.379999995
1.419999957
1.379999995
1.419999957
1.439999938
1.419999957
1.399999976
1.419999957
1.439999938
1.379999995
1.399999976
1.399999976
1.419999957
1.419999957
1.419999957
1.419999957
1.439999938
1.419999957
1.399999976
1.419999957
1.419999957
1.419999957
1.379999995
1.379999995
1.399999976
1.419999957
1.399999976
1.399999976
1.419999957
1.419999957
1.419999957
1.399999976
1.419999957
1.419999957
1.419999957
1.360000014
1.419999957
1.419999957
1.419999957
1.319999933
1.419999957
1.419999957
1.419999957
1.419999957
1.399999976
1.439999938
1.419999957
1.419999957
1.419999957
1.419999957
1.419999957
1.419999957
1.379999995
1.419999957
1.419999957
1.379999995
1.419999957
1.399999976
1.419999957
1.419999957
1.379999995
1.419999957
1.399999976
1.379999995
1.419999957
1.419999957
1.419999957
1.339999914
1.360000014
1.399999976
1.439999938
1.419999957
1.379999995
1.399999976
1.419999957
1.419999957
1.399999976
1.419999957
1.419999957
1.379999995
1.419999957
1.419999957
1.419999957
1.379999995
1.399999976
1.419999957
1.419999957
1.439999938
1.360000014
1.379999995
1.399999976
1.399999976
1.379999995
1.419999957
1.419999957
1.439999938
1.379999995
1.379999995
1.419999957
1.399999976
1.399999976
1.399999976
1.419999957
1.439999938
1.399999976
1.419999957
1.419999957
1.419999957
1.419999957
1.419999957
1.439999938
1.419999957
1.419999957
1.419999957
1.419999957
1.419999957
1.419999957
1.419999957
1.419999957
1.419999957
1.399999976
1.360000014
1.539999962
1.419999957
1.419999957
1.379999995
1.419999957
1.439999938
1.399999976
1.419999957
1.419999957
1.419999957
1.419999957
1.399999976
1.399999976
1.379999995
1.419999957
1.399999976
1.399999976
1.399999976
1.419999957
1.379999995
1.419999957
1.439999938
1.419999957
1.399999976
1.419999957
1.419999957
1.419999957
1.419999957
1.399999976
1.419999957
1.419999957
1.379999995
1.379999995
1.419999957
1.379999995
1.399999976
1.399999976
1.379999995
1.399999976
1.419999957
1.399999976
1.419999957
1.419999957
1.419999957
1.419999957
1.379999995
1.419999957
1.379999995
1.419999957
1.419999957
1.419999957
1.379999995
1.419999957
1.419999957
1.399999976
1.399999976
1.419999957
1.419999957
1.379999995
1.419999957
1.419999957
1.699999928
1.419999957
1.419999957
1.399999976
1.399999976
1.419999957
1.399999976
1.419999957
1.399999976
1.399999976
1.439999938
1.419999957
1.419999957
1.419999957
1.419999957
1.419999957
1.419999957
1.399999976
1.399999976
1.399999976
1.379999995
1.419999957
1.419999957
1.379999995
1.379999995
1.419999957
1.419999957
1.399999976
1.419999957
1.419999957
1.419999957
1.379999995
1.419999957
1.419999957
1.399999976
1.419999957
1.399999976
1.419999957
1.419999957
1.419999957
1.399999976
1.419999957
1.419999957
1.419999957
1.399999976
1.419999957
1.439999938
1.419999957
1.379999995
1.439999938
1.399999976
1.419999957
1.419999957
1.439999938
1.439999938
1.419999957
1.399999976
1.419999957
1.419999957
1.419999957
1.379999995
1.379999995
1.459999919
1.399999976
1.379999995
1.199999928
1.419999957
1.419999957
1.419999957
1.439999938
1.379999995
1.399999976
1.379999995
1.419999957
1.419999957
1.399999976
1.419999957
1.399999976
1.419999957
1.439999938
1.439999938
1.399999976
1.419999957
1.419999957
1.419999957
1.399999976
1.419999957
1.419999957
1.379999995
1.399999976
1.419999957
1.419999957
1.419999957
1.419999957
1.399999976
1.399999976
1.419999957
1.399999976
1.399999976
1.439999938
1.419999957
1.379999995
1.419999957
1.419999957
1.419999957
1.399999976
1.399999976
1.439999938
1.399999976
1.399999976
1.399999976
1.419999957
1.419999957
1.379999995
1.419999957
1.419999957
1.419999957
1.419999957
1.419999957
1.379999995
1.399999976
1.379999995
1.399999976
1.419999957
1.419999957
1.419999957
1.399999976
1.439999938
1.419999957
1.419999957
1.419999957
1.379999995
1.399999976
1.399999976
1.379999995
1.439999938
1.399999976
1.419999957
1.419999957
1.419999957
1.419999957
1.379999995
1.419999957
1.399999976
1.419999957
1.419999957
1.419999957
1.399999976
1.399999976
1.419999957
1.399999976
1.439999938
1.419999957
1.419999957
1.419999957
1.419999957
1.399999976
1.419999957
1.419999957
1.419999957
1.419999957
1.419999957
1.419999957
1.419999957
1.379999995
1.419999957
1.399999976
1.399999976
1.419999957
1.399999976
1.419999957
1.399999976
1.419999957
1.379999995
1.399999976
1.399999976
1.399999976
1.419999957
1.419999957
1.419999957
1.299999952
1.439999938
1.379999995
1.399999976
1.439999938
1.419999957
1.399999976
1.419999957
1.399999976
1.419999957
1.439999938
1.399999976
1.419999957
1.379999995
1.419999957
1.419999957
1.419999957
1.419999957
1.419999957
1.360000014
1.419999957
1.419999957
1.379999995
1.419999957
1.439999938
1.419999957
1.419999957
1.399999976
1.419999957
1.419999957
1.419999957
1.419999957
1.379999995
1.419999957
1.439999938
1.399999976
1.419999957
1.419999957
1.419999957
1.379999995
1.439999938
1.399999976
1.419999957
1.419999957
1.419999957
1.419999957
1.399999976
1.419999957
1.419999957
1.419999957
1.419999957
1.399999976
1.379999995
1.419999957
1.419999957
1.379999995
1.399999976
1.399999976
1.419999957
1.379999995
1.379999995
1.419999957
1.419999957
1.419999957
1.419999957
1.419999957
1.439999938
1.419999957
1.379999995
1.379999995
1.360000014
1.419999957
1.399999976
1.419999957
1.399999976
1.399999976
1.419999957
1.419999957
1.419999957
1.419999957
1.399999976
1.439999938
1.419999957
1.419999957
1.379999995
1.399999976
1.419999957
1.419999957
1.399999976
1.379999995
1.419999957
1.419999957
1.379999995
1.379999995
1.419999957
1.399999976
1.419999957
1.419999957
1.419999957
1.419999957
1.399999976
1.379999995
1.419999957
1.419999957
1.379999995
1.379999995
1.419999957
1.379999995
1.399999976
1.399999976
1.399999976
1.419999957
1.419999957
1.419999957
1.419999957
1.419999957
1.379999995
1.419999957
1.419999957
1.419999957
1.419999957
1.379999995
1.599999905
1.419999957
1.419999957
1.379999995
1.379999995
1.419999957
1.419999957
1.399999976
1.419999957
1.419999957
1.419999957
1.419999957
1.379999995
1.419999957
1.419999957
1.419999957
1.419999957
1.399999976
1.439999938
1.419999957
1.399999976
1.379999995
1.419999957
1.439999938
1.419999957
1.419999957
1.419999957
1.399999976
1.379999995
1.419999957
1.419999957
1.419999957
1.360000014
1.399999976
1.419999957
1.419999957
1.419999957
1.379999995
1.419999957
1.399999976
1.399999976
1.419999957
1.419999957
1.419999957
1.419999957
1.399999976
1.419999957
1.419999957
1.399999976
1.399999976
1.419999957
1.419999957
1.399999976
1.379999995
1.379999995
1.399999976
1.379999995
1.419999957
1.419999957
1.339999914
1.399999976
1.419999957
1.399999976
1.379999995
1.419999957
1.399999976
1.419999957
1.419999957
1.419999957
1.399999976
1.399999976
1.419999957
1.419999957
1.399999976
1.419999957
1.74000001
1.419999957
1.419999957
1.379999995
1.419999957
1.419999957
1.419999957
1.419999957
1.399999976
1.399999976
1.379999995
1.419999957
1.419999957
0.839999974
1.419999957
1.419999957
1.419999957
1.399999976
1.379999995
1.659999967
1.379999995
1.399999976
1.379999995
1.379999995
1.439999938
1.419999957
1.419999957
1.399999976
1.419999957
1.419999957
1.379999995
1.419999957
1.439999938
1.379999995
1.399999976
1.419999957
1.419999957
1.419999957
1.419999957
1.399999976
1.419999957
1.419999957
1.399999976
1.399999976
1.399999976
1.419999957
1.399999976
1.419999957
1.439999938
1.439999938
1.399999976
1.379999995
1.419999957
1.379999995
1.399999976
1.399999976
1.419999957
1.439999938
1.419999957
1.419999957
1.399999976
1.419999957
1.399999976
1.399999976
1.399999976
1.419999957
1.419999957
1.419999957
1.419999957
1.399999976
1.419999957
1.419999957
1.419999957
1.419999957
1.419999957
1.399999976
1.419999957
1.419999957
1.419999957
1.419999957
1.379999995
1.419999957
1.419999957
1.419999957
1.419999957
1.419999957
1.419999957
1.439999938
1.419999957
1.379999995
1.419999957
1.419999957
1.379999995
1.439999938
1.419999957
1.419999957
1.379999995
1.419999957
1.379999995
1.399999976
1.379999995
1.419999957
1.419999957
1.379999995
1.399999976
1.379999995
1.419999957
1.399999976
1.379999995
1.379999995
1.419999957
1.379999995
1.379999995
1.419999957
1.419999957
1.419999957
1.379999995
1.419999957
1.419999957
1.419999957
1.419999957
1.419999957
1.399999976
1.399999976
1.419999957
1.419999957
1.419999957
1.419999957
1.399999976
1.419999957
1.419999957
1.439999938
1.480000019
1.399999976
1.419999957
1.379999995
1.399999976
1.419999957
1.399999976
1.419999957
1.419999957
1.399999976
1.419999957
1.439999938
1.399999976
1.419999957
1.379999995
1.459999919
1.419999957
1.399999976
1.379999995
1.419999957
1.419999957
1.419999957
1.419999957
1.399999976
1.419999957
1.399999976
1.399999976
1.419999957
1.399999976
1.419999957
1.419999957
1.419999957
1.419999957
1.419999957
1.379999995
1.399999976
1.379999995
1.419999957
1.419999957
1.419999957
1.399999976
1.419999957
1.419999957
1.419999957
1.419999957
1.419999957
1.399999976
1.379999995
1.419999957
1.379999995
1.379999995
1.419999957
1.419999957
1.379999995
1.399999976
1.419999957
1.419999957
1.419999957
1.399999976
1.419999957
1.399999976
1.399999976
1.419999957
1.419999957
1.419999957
1.399999976
1.419999957
1.399999976
1.419999957
1.419999957
1.379999995
1.419999957
1.419999957
1.419999957
1.439999938
1.399999976
1.399999976
1.419999957
1.419999957
1.419999957
1.399999976
1.419999957
1.419999957
1.419999957
1.419999957
1.419999957
1.419999957
1.399999976
1.379999995
1.379999995
1.419999957
1.419999957
1.419999957
1.399999976
1.419999957
1.419999957
1.419999957
1.419999957
1.419999957
1.419999957
1.419999957
1.439999938
1.379999995
1.379999995
1.419999957
1.419999957
1.439999938
1.399999976
1.419999957
1.419999957
1.379999995
1.419999957
1.419999957
1.439999938
